-3.191398	1069.876099
-2.956272	1070.300293
-2.720162	1070.726318
-2.483086	1071.154053
-2.245061	1071.583496
-2.006104	1072.014648
-1.766234	1072.44751
-1.525468	1072.881958
-1.283823	1073.318237
-1.041318	1073.755859
-0.797969	1074.195068
-0.553795	1074.635864
-0.308812	1075.078003
-0.063039	1075.521729
0.183507	1075.966797
0.430808	1076.41333
0.678847	1076.861206
0.927606	1077.310303
1.166019	1077.740723
1.404212	1078.170898
1.643012	1078.602173
1.882404	1079.034424
2.122372	1079.467773
2.3629	1079.902222
2.603975	1080.337524
2.845581	1080.773926
3.087703	1081.211182
3.330322	1081.649536
3.573429	1082.088623
3.817005	1082.528564
4.061035	1082.969482
4.305505	1083.411011
4.5504	1083.853394
4.795703	1084.296509
5.041399	1084.740479
5.287444	1085.184937
5.527352	1085.618286
5.76759	1086.052368
6.008142	1086.487061
6.249	1086.922119
6.490144	1087.35791
6.731564	1087.794067
6.973242	1088.230713
7.215167	1088.667847
7.457325	1089.105347
7.699703	1089.543335
7.942279	1089.981689
8.185054	1090.42041
8.427997	1090.859375
8.671103	1091.298706
8.914358	1091.738159
9.157747	1092.177979
9.401259	1092.618042
9.644873	1093.058228
9.88763	1093.496948
10.129812	1093.93457
10.372055	1094.372314
10.614347	1094.810181
10.856678	1095.248047
11.099028	1095.686035
11.341388	1096.123901
11.583738	1096.56189
11.826072	1096.999878
12.068374	1097.437622
12.310625	1097.875488
12.552819	1098.31311
12.794937	1098.75061
13.036967	1099.187988
13.278895	1099.625122
13.520705	1100.062134
13.76239	1100.498779
14.003932	1100.935303
14.245499	1101.371826
14.489925	1101.813477
14.734161	1102.254761
14.978194	1102.695801
15.222009	1103.13623
15.46559	1103.576416
15.708921	1104.016113
15.951996	1104.4552
16.194794	1104.893921
16.4373	1105.332031
16.679504	1105.769653
16.921391	1106.206665
17.162937	1106.643066
17.404142	1107.078857
17.644991	1107.513916
17.885454	1107.948364
18.125532	1108.381958
18.365206	1108.814941
18.604462	1109.247192
18.849613	1109.689941
19.09618	1110.135376
19.342255	1110.579834
19.587818	1111.023315
19.832859	1111.465942
20.077356	1111.907471
20.321297	1112.348145
20.564657	1112.787598
20.807426	1113.225952
21.049599	1113.663208
21.291142	1114.099487
21.532055	1114.534424
21.772308	1114.968262
22.011898	1115.400879
22.250795	1115.832153
22.488993	1116.262207
22.726484	1116.690918
22.964447	1117.120483
23.214209	1117.571289
23.463104	1118.02063
23.711117	1118.46814
23.958246	1118.914185
24.204458	1119.358521
24.449732	1119.801147
24.694061	1120.242065
24.937416	1120.681152
25.179785	1121.118408
25.421143	1121.553833
25.661474	1121.987427
25.90077	1122.419067
26.138994	1122.848755
26.376137	1123.276489
26.612177	1123.702148
26.847094	1124.125854
27.088676	1124.561401
27.341503	1125.017334
27.592939	1125.470581
27.842958	1125.921265
28.091537	1126.369385
28.338642	1126.814697
28.584263	1127.257324
28.828363	1127.697266
29.070932	1128.134277
29.311934	1128.568359
29.551348	1128.999634
29.789154	1129.427979
30.025322	1129.853394
30.259832	1130.275635
30.492661	1130.694824
30.724331	1131.111816
30.98225	1131.57605
31.237949	1132.036255
31.491381	1132.49231
31.742523	1132.944092
31.991352	1133.391724
32.237797	1133.834839
32.481853	1134.273682
32.723473	1134.708008
32.962631	1135.137817
33.199276	1135.56311
33.433403	1135.983765
33.664955	1136.399658
33.893894	1136.810791
34.134735	1137.243164
34.397881	1137.715454
34.657249	1138.180786
34.912788	1138.63916
35.164448	1139.090332
35.412148	1139.534302
35.655869	1139.971069
35.895535	1140.400269
36.131073	1140.822021
36.36245	1141.236084
36.589607	1141.642456
36.812481	1142.040894
37.066841	1142.495361
37.327034	1142.959961
37.582699	1143.41626
37.833912	1143.86438
38.080688	1144.304199
38.323101	1144.735962
38.561157	1145.159668
38.79493	1145.575439
39.024464	1145.983276
39.259014	1146.400024
39.524002	1146.870117
39.783051	1147.329468
40.03627	1147.777954
40.283707	1148.215698
40.525448	1148.643066
40.761566	1149.060059
40.992142	1149.466797
41.22897	1149.884033
41.496056	1150.354126
41.755241	1150.80957
42.006695	1151.250854
42.250549	1151.678101
42.486927	1152.091675
42.715969	1152.491821
42.975365	1152.944092
43.2397	1153.403931
43.493458	1153.844482
43.7369	1154.266113
43.970284	1154.669312
44.220566	1155.100586
44.488873	1155.561401
44.742466	1155.995483
44.981884	1156.403687
45.22781	1156.821167
45.499317	1157.279785
45.750141	1157.700928
45.989365	1158.100098
46.266315	1158.55835
46.514061	1158.964355
46.783413	1159.400635
47.03616	1159.804199
47.311417	1160.236572
47.578693	1160.649902
47.811382	1161.013184
48.083755	1161.47876
48.31337	1161.886108
48.561089	1162.333008
48.811672	1162.790039
49.04097	1163.211182
49.283482	1163.658936
49.532307	1164.119995
49.761589	1164.546021
49.997459	1164.985474
50.238846	1165.435791
50.477947	1165.882568
50.711918	1166.32019
50.948071	1166.762207
51.185528	1167.206665
51.42342	1167.652222
51.660881	1168.09668
51.897034	1168.538696
52.131001	1168.976196
52.370102	1169.422974
52.611496	1169.873413
52.847363	1170.312744
53.076649	1170.738892
53.325478	1171.199951
53.567986	1171.647583
53.797276	1172.068726
54.047871	1172.525757
54.295586	1172.972778
54.525215	1173.380249
54.797596	1173.845703
54.987617	1174.150757
55.260292	1174.617676
55.500679	1175.041748
55.736004	1175.462036
55.998486	1175.934814
56.243645	1176.379028
56.472473	1176.79541
56.712986	1177.234375
56.964138	1177.694092
57.211987	1178.148926
57.442368	1178.572388
57.678337	1179.006958
57.919277	1179.451172
58.16444	1179.903931
58.406292	1180.351074
58.641205	1180.785889
58.878113	1181.224731
59.116459	1181.666748
59.355701	1182.110718
59.595261	1182.555786
59.834599	1183.000732
60.073177	1183.444458
60.31041	1183.885986
60.545769	1184.324463
60.778706	1184.758545
61.022713	1185.213623
61.264671	1185.665039
61.501873	1186.10791
61.733616	1186.540771
61.959236	1186.962402
62.211494	1187.434082
62.455322	1187.890259
62.68779	1188.325562
62.907829	1188.737671
63.160774	1189.211792
63.407368	1189.674316
63.625351	1190.083618
63.879139	1190.560669
64.100014	1190.976929
64.240448	1191.237671
64.483444	1191.675049
64.790016	1192.221436
64.995857	1192.586792
65.225098	1192.99292
65.476555	1193.437744
65.748947	1193.919189
66.028336	1194.412354
66.250862	1194.804932
66.482643	1195.213623
66.723221	1195.637573
66.97213	1196.076172
67.228889	1196.52832
67.493065	1196.993408
67.758438	1197.460571
67.99234	1197.872192
68.230568	1198.29126
68.47287	1198.717529
68.718933	1199.150269
68.968506	1199.589233
69.221306	1200.033691
69.477028	1200.483276
69.73542	1200.9375
69.980652	1201.368652
70.22438	1201.796997
70.469719	1202.228271
70.716408	1202.661743
70.964264	1203.097412
71.213028	1203.534546
71.462509	1203.973022
71.712471	1204.412231
71.962662	1204.851929
72.212906	1205.291748
72.462959	1205.731079
72.712585	1206.1698
72.961578	1206.607422
73.209694	1207.043457
73.456726	1207.477539
73.702446	1207.909424
73.946617	1208.338623
74.189049	1208.764771
74.446373	1209.217163
74.702858	1209.668091
74.956467	1210.114014
75.206932	1210.554443
75.453972	1210.989014
75.697311	1211.416992
75.936668	1211.838135
76.171768	1212.251709
76.427345	1212.701538
76.693405	1213.169922
76.952225	1213.625732
77.2033	1214.067993
77.446159	1214.495972
77.680367	1214.908936
77.905441	1215.305908
78.167023	1215.767578
78.444839	1216.258423
78.702057	1216.713257
78.937424	1217.130127
79.149673	1217.506714
79.424393	1217.995728
79.69841	1218.487061
79.853691	1218.771484
80.073135	1219.179932
80.315147	1219.623169
80.560158	1220.068848
80.803619	1220.509888
81.043335	1220.943115
81.296768	1221.400391
81.532745	1221.825562
81.776871	1222.265015
82.024948	1222.711426
82.266083	1223.14502
82.509941	1223.583496
82.755089	1224.02417
83.000015	1224.464478
83.24324	1224.901733
83.48484	1225.336182
83.733696	1225.784058
83.97567	1226.219727
84.21611	1226.653198
84.466904	1227.105835
84.701828	1227.53064
84.953384	1227.986816
85.188423	1228.414917
85.439812	1228.876831
85.619553	1229.212769
85.817039	1229.571533
86.13166	1230.134155
86.344688	1230.512939
86.569855	1230.912354
86.818726	1231.353027
87.089951	1231.83252
87.363388	1232.315552
87.587448	1232.710938
87.821304	1233.123535
88.064491	1233.552124
88.316383	1233.996094
88.576538	1234.454346
88.844337	1234.925781
89.086586	1235.352295
89.323799	1235.769775
89.565445	1236.194946
89.811188	1236.627319
90.060722	1237.066162
90.313683	1237.511108
90.569786	1237.961426
90.826256	1238.412476
91.068878	1238.838989
91.313339	1239.268799
91.559425	1239.701416
91.806847	1240.13623
92.055321	1240.572998
92.304634	1241.01123
92.554489	1241.450439
92.804634	1241.890015
93.054794	1242.329712
93.304726	1242.769043
93.554161	1243.20752
93.802818	1243.644531
94.050446	1244.079834
94.296791	1244.512817
94.54158	1244.943115
94.784546	1245.370361
95.038071	1245.81604
95.294724	1246.267334
95.548302	1246.713379
95.798485	1247.153442
96.044968	1247.587036
96.287384	1248.01355
96.525444	1248.432495
96.760864	1248.847046
97.030037	1249.320923
97.291618	1249.781616
97.545105	1250.228271
97.78994	1250.659912
98.025574	1251.075439
98.251503	1251.474121
98.513123	1251.936157
98.7883	1252.422607
99.041405	1252.870728
99.271072	1253.277832
99.475883	1253.641846
99.788826	1254.200684
100.008835	1254.598755
100.17366	1254.903931
100.435944	1255.370117
100.67231	1255.781006
100.939857	1256.241089
101.18129	1256.653564
101.440262	1257.093994
101.696808	1257.528931
101.948463	1257.954468
102.207985	1258.392822
102.464119	1258.824707
102.718781	1259.253906
102.975655	1259.686646
103.233192	1260.120239
103.489861	1260.552612
103.74408	1260.981079
104.001572	1261.415405
104.260101	1261.852051
104.510506	1262.275757
104.769753	1262.715454
105.026436	1263.1521
105.267906	1263.564941
105.535904	1264.026489
105.766739	1264.428467
106.029793	1264.898193
106.192741	1265.206543
106.429604	1265.668091
106.677383	1266.154053
106.880898	1266.554321
107.108467	1267.002686
107.358521	1267.49585
107.592094	1267.956787
107.802208	1268.371826
108.022133	1268.806396
108.251236	1269.259277
108.488861	1269.729248
108.731628	1270.209351
108.946075	1270.633667
109.165329	1271.067505
109.388962	1271.510132
109.616577	1271.960693
109.847748	1272.418335
110.082062	1272.882324
110.307793	1273.329224
110.530426	1273.770142
110.754776	1274.214355
110.980484	1274.661377
111.207253	1275.110474
111.434731	1275.561035
111.662598	1276.012451
111.890533	1276.463745
112.11821	1276.914795
112.345253	1277.36438
112.571358	1277.812256
112.796234	1278.257568
113.019501	1278.699707
113.24086	1279.138062
113.475533	1279.602661
113.70787	1280.062622
113.936798	1280.515869
114.161903	1280.961426
114.382729	1281.398438
114.598953	1281.826172
114.830986	1282.285156
115.071449	1282.760742
115.30368	1283.219849
115.526947	1283.661011
115.740623	1284.08313
115.95372	1284.503906
116.211342	1285.012207
116.447105	1285.476807
116.659386	1285.894531
116.867149	1286.302612
117.141739	1286.839478
117.307129	1287.158447
117.488457	1287.522095
117.739731	1288.047729
117.928612	1288.448975
118.142052	1288.905884
118.378067	1289.414063
118.576157	1289.842285
118.777924	1290.279785
118.989449	1290.739502
119.209854	1291.219482
119.422104	1291.682617
119.62326	1292.12207
119.829086	1292.57251
120.039101	1293.032471
120.252701	1293.500854
120.464226	1293.965332
120.668701	1294.414551
120.874916	1294.868042
121.082436	1295.324707
121.290787	1295.783691
121.499535	1296.243774
121.708214	1296.704224
121.916405	1297.163696
122.123604	1297.62146
122.329391	1298.076416
122.53334	1298.527466
122.740097	1298.985107
122.952904	1299.456543
123.161987	1299.919922
123.366791	1300.374268
123.566742	1300.818115
123.768532	1301.266479
123.987572	1301.75354
124.197624	1302.221069
124.397774	1302.667114
124.587181	1303.089722
124.8116	1303.591187
125.023949	1304.066895
125.211632	1304.488403
125.430931	1304.983276
125.622696	1305.421265
125.754997	1305.742188
125.959351	1306.274048
126.121178	1306.705322
126.291527	1307.164307
126.480934	1307.678223
126.650749	1308.141479
126.814949	1308.591064
126.987305	1309.064453
127.167145	1309.559448
127.340874	1310.038818
127.505524	1310.493896
127.674088	1310.960449
127.846054	1311.437134
128.021027	1311.922729
128.191849	1312.397339
128.35936	1312.862915
128.528183	1313.332886
128.697998	1313.805908
128.868393	1314.280884
129.03894	1314.756714
129.209274	1315.232178
129.378998	1315.706177
129.547714	1316.177734
129.715012	1316.64563
129.880936	1317.109619
130.055664	1317.598877
130.227402	1318.079834
130.395676	1318.55127
130.559998	1319.011841
130.722885	1319.46875
130.902649	1319.9729
131.074936	1320.456543
131.239014	1320.917114
131.394119	1321.352783
131.579971	1321.875122
131.752182	1322.359131
131.903732	1322.785278
132.093399	1323.319092
132.236084	1323.720581
132.369217	1324.130615
132.515182	1324.630737
132.646973	1325.104614
132.78447	1325.613037
132.907562	1326.077515
133.036987	1326.572754
133.164215	1327.065308
133.28598	1327.54126
133.4104	1328.03186
133.534943	1328.526367
133.655334	1329.007446
133.776352	1329.494019
133.8974	1329.983521
134.017883	1330.473389
134.137268	1330.961426
134.25499	1331.444824
134.373886	1331.935547
134.493149	1332.430786
134.608505	1332.912354
134.723862	1333.396484
134.843323	1333.901733
134.95491	1334.377197
135.070435	1334.87439
135.184128	1335.370483
135.292618	1335.854248
135.394897	1336.332031
135.466629	1336.752441
135.535187	1337.273071
135.5914	1337.758423
135.647583	1338.283447
135.695923	1338.760864
135.745422	1339.270386
135.792862	1339.775879
135.837524	1340.265869
135.882462	1340.77063
135.926575	1341.276978
135.968887	1341.771851
136.01091	1342.271973
136.052505	1342.774658
136.093491	1343.277344
136.133728	1343.777344
136.173035	1344.272217
136.212845	1344.779663
136.251938	1345.284302
136.289444	1345.774536
136.327835	1346.282104
136.36586	1346.791748
136.401001	1347.269287
136.43927	1347.797729
136.473679	1348.283081
136.509857	1348.809204
136.536163	1349.221069
136.55632	1349.680542
136.574905	1350.218384
136.589401	1350.686035
136.604752	1351.215942
136.618973	1351.733276
136.631546	1352.207764
136.644485	1352.709229
136.657684	1353.234619
136.670105	1353.741211
136.681839	1354.226807
136.693695	1354.724976
136.705627	1355.234131
136.717636	1355.752686
136.728912	1356.246216
136.740189	1356.743408
136.751434	1357.244629
136.762619	1357.748413
136.773773	1358.253418
136.784805	1358.758423
136.795761	1359.261963
136.806564	1359.762817
136.817215	1360.259521
136.827805	1360.756348
136.838776	1361.273682
136.849442	1361.781738
136.859863	1362.278564
136.869965	1362.762451
136.8806	1363.276245
136.891388	1363.798828
136.901596	1364.297119
136.91124	1364.768433
136.921997	1365.297607
136.932541	1365.820313
136.941818	1366.280273
136.952911	1366.834717
136.961472	1367.264771
136.973831	1367.715942
136.992096	1368.222168
137.012527	1368.731689
137.033722	1369.230591
137.05571	1369.72998
137.079025	1370.243408
137.101822	1370.734131
137.125748	1371.240967
137.149902	1371.743408
137.174225	1372.242188
137.199005	1372.744873
137.224182	1373.248413
137.249542	1373.749512
137.274887	1374.244873
137.301315	1374.755493
137.327499	1375.254761
137.353775	1375.749023
137.381607	1376.264648
137.408127	1376.747314
137.437622	1377.271484
137.465256	1377.746704
137.497894	1378.276245
137.529739	1378.713623
137.576202	1379.221069
137.627747	1379.725708
137.68071	1380.216187
137.737656	1380.724243
137.794144	1381.215332
137.853073	1381.71814
137.911972	1382.213379
137.972031	1382.712646
138.032471	1383.21106
138.093002	1383.706787
138.15448	1384.208618
138.215225	1384.703125
138.276779	1385.204712
138.337936	1385.705322
138.396317	1386.187744
138.456284	1386.696655
138.505966	1387.125
138.569244	1387.653198
138.627274	1388.131592
138.692368	1388.664185
138.750183	1389.135254
138.812103	1389.638428
138.875305	1390.151245
138.935165	1390.63562
138.996902	1391.135132
139.060104	1391.64563
139.12085	1392.136353
139.182327	1392.632935
139.244324	1393.132935
139.306381	1393.633667
139.368256	1394.133057
139.429611	1394.62854
139.490891	1395.123291
139.553848	1395.632324
139.615219	1396.128662
139.674515	1396.609009
139.738892	1397.131348
139.799927	1397.627441
139.858627	1398.106201
139.923309	1398.63623
139.979202	1399.097778
140.043701	1399.638672
140.092911	1400.069336
140.149033	1400.571167
140.2043	1401.07605
140.256943	1401.567749
140.309006	1402.066895
140.359787	1402.568726
140.408325	1403.065186
140.455124	1403.565308
140.499405	1404.06311
140.541153	1404.565308
140.579071	1405.063354
140.612366	1405.56189
140.63974	1406.067627
140.657211	1406.570801
140.660019	1406.946533
140.659531	1407.323608
140.659012	1407.920288
140.658554	1408.505005
140.65834	1408.923218
140.658035	1409.381714
140.657761	1409.878418
140.657455	1410.411865
140.65712	1410.980225
140.65686	1411.543457
140.656662	1411.991699
140.656433	1412.455444
140.656204	1412.934082
140.655991	1413.427002
140.655746	1413.933716
140.655518	1414.453369
140.655319	1414.985596
140.655029	1415.529663
140.654846	1416.041504
140.654633	1416.515747
140.654465	1416.996826
140.654221	1417.484985
140.654037	1417.97937
140.653839	1418.479614
140.653625	1418.985962
140.653427	1419.497192
140.653214	1420.013428
140.653	1420.53418
140.652802	1421.055786
140.652588	1421.545288
140.652405	1422.03772
140.652191	1422.533081
140.651993	1423.03064
140.651779	1423.530396
140.651611	1424.03186
140.651413	1424.534912
140.651199	1425.039063
140.651001	1425.544189
140.650803	1426.049805
140.65062	1426.555908
140.650421	1427.062134
140.650238	1427.568115
140.650024	1428.073364
140.649826	1428.577881
140.649612	1429.081177
140.649445	1429.58313
140.649231	1430.083374
140.649048	1430.581543
140.648834	1431.077515
140.648636	1431.570557
140.648438	1432.060913
140.648254	1432.57312
140.648056	1433.095093
140.647812	1433.612671
140.647583	1434.125488
140.647415	1434.632813
140.647202	1435.134766
140.646973	1435.630859
140.64679	1436.120605
140.646591	1436.60376
140.646408	1437.079834
140.646194	1437.570313
140.645966	1438.11731
140.645691	1438.652954
140.645477	1439.175903
140.645279	1439.686157
140.64505	1440.182983
140.644791	1440.665649
140.644562	1441.133423
140.644348	1441.585693
140.644104	1442.109375
140.643784	1442.68689
140.643524	1443.229858
140.64325	1443.736572
140.64296	1444.205444
140.642685	1444.634644
140.642349	1445.132202
140.641846	1445.784912
140.641281	1446.222778
140.640747	1446.522461
140.640396	1447.054688
140.640594	1447.521973
140.640976	1448.055908
140.641449	1448.532593
140.642075	1449.041504
140.642776	1449.547363
140.643478	1450.042114
140.644272	1450.55188
140.645065	1451.052612
140.645828	1451.552368
140.646652	1452.055786
140.647461	1452.559937
140.648285	1453.062012
140.649033	1453.55835
140.649826	1454.068604
140.650574	1454.570923
140.65126	1455.057129
140.651962	1455.580566
140.652481	1456.072754
140.652954	1456.583618
140.653244	1457.082275
140.653214	1457.599365
140.652649	1457.986572
140.65213	1458.177124
140.65126	1458.517212
140.649948	1459.000854
140.648346	1459.622803
140.646347	1460.377563
140.64473	1460.99353
140.643692	1461.380127
140.64267	1461.787476
140.641495	1462.215332
140.640366	1462.662964
140.63913	1463.130249
140.637817	1463.616699
140.636505	1464.121948
140.635147	1464.645752
140.633682	1465.1875
140.632187	1465.746826
140.630676	1466.323608
140.629166	1466.917114
140.627548	1467.5271
140.626251	1468.007935
140.625137	1468.449707
140.623917	1468.898926
140.622757	1469.355469
140.621552	1469.819336
140.620255	1470.290161
140.619034	1470.767944
140.617767	1471.252563
140.61647	1471.744019
140.615158	1472.241943
140.613815	1472.746582
140.612503	1473.257324
140.61116	1473.77417
140.609726	1474.297119
140.608368	1474.826172
140.606964	1475.360962
140.60553	1475.901245
140.604111	1476.447144
140.602676	1476.998535
140.601181	1477.555176
140.599945	1478.024048
140.59874	1478.494019
140.597488	1478.967163
140.596252	1479.443848
140.594986	1479.923828
140.593719	1480.40686
140.592453	1480.893066
140.591156	1481.382324
140.589813	1481.874512
140.588547	1482.369629
140.587234	1482.867432
140.585907	1483.368042
140.58461	1483.871216
140.583282	1484.377197
140.581924	1484.88562
140.580566	1485.39624
140.579269	1485.909668
140.577896	1486.425171
140.576508	1486.942627
140.57515	1487.462524
140.573761	1487.984375
140.572388	1488.508057
140.571045	1489.034058
140.569656	1489.554688
140.568344	1490.04248
140.567093	1490.53186
140.565781	1491.022583
140.564514	1491.515015
140.563232	1492.008423
140.56192	1492.503052
140.560593	1492.998901
140.559311	1493.495605
140.558029	1493.993408
140.556671	1494.49231
140.555344	1494.992188
140.554092	1495.492798
140.552719	1495.994141
140.551437	1496.496582
140.55011	1496.99939
140.548782	1497.50293
140.547409	1498.006714
140.546127	1498.51123
140.544769	1499.016357
140.543457	1499.521851
140.54213	1500.027466
140.540787	1500.533569
140.539459	1501.039795
140.538147	1501.545898
140.536804	1502.05249
140.535461	1502.559082
140.534149	1503.06543
140.532806	1503.571899
140.531509	1504.078125
140.530167	1504.584351
140.528839	1505.090088
140.527512	1505.595459
140.526184	1506.100586
140.524857	1506.605225
140.523544	1507.109497
140.522202	1507.613037
140.520859	1508.116211
140.519531	1508.618774
140.51825	1509.120239
140.516922	1509.621094
140.51561	1510.121216
140.514297	1510.620239
140.513	1511.11853
140.511703	1511.615723
140.510376	1512.111816
140.509064	1512.606567
140.507736	1513.100464
140.506516	1513.592896
140.505203	1514.084351
140.503906	1514.573975
140.50264	1515.062622
140.501282	1515.571533
140.499893	1516.0979
140.49852	1516.622437
140.497162	1517.144775
140.495743	1517.665283
140.494415	1518.18335
140.493057	1518.699707
140.491699	1519.213379
140.490372	1519.724854
140.489014	1520.234009
140.487686	1520.740601
140.486389	1521.244629
140.485046	1521.746094
140.483749	1522.244629
140.482422	1522.740601
140.481125	1523.233765
140.479843	1523.723755
140.478577	1524.210938
140.477295	1524.694702
140.476028	1525.175537
140.474777	1525.653198
140.473526	1526.127441
140.47229	1526.598389
140.471085	1527.065796
140.469681	1527.598877
140.468231	1528.151855
140.466782	1528.699341
140.465332	1529.241333
140.463974	1529.777832
140.46254	1530.30835
140.461166	1530.83313
140.459808	1531.351807
140.45845	1531.86438
140.457138	1532.370605
140.455811	1532.870605
140.454514	1533.363892
140.453262	1533.850586
140.451935	1534.330322
140.450745	1534.803223
140.449493	1535.269043
140.448303	1535.727783
140.447113	1536.179077
140.445969	1536.622925
140.444794	1537.059326
140.443207	1537.66626
140.44165	1538.264648
140.440125	1538.846191
140.438614	1539.410767
140.437195	1539.95752
140.435806	1540.486328
140.434464	1540.997192
140.433151	1541.489014
140.431961	1541.961792
140.430725	1542.415283
140.429611	1542.848755
140.428482	1543.262207
140.42749	1543.654663
140.426224	1544.138672
140.424103	1544.930542
140.422333	1545.591431
140.42099	1546.115479
140.420029	1546.497314
140.419403	1546.731567
140.418365	1546.934326
140.413666	1547.395386
140.405823	1548.045288
140.400558	1548.459595
140.394455	1548.922729
140.387665	1549.431519
140.380142	1549.983398
140.372391	1550.545532
140.366074	1550.998047
140.359467	1551.469604
140.352524	1551.958984
140.345322	1552.465942
140.337875	1552.988525
140.330185	1553.526367
140.322723	1554.043701
140.315842	1554.52002
140.308838	1555.004761
140.301682	1555.497925
140.294342	1555.998657
140.286942	1556.50647
140.279419	1557.02063
140.27179	1557.540405
140.264297	1558.05127
140.257065	1558.542603
140.249771	1559.037598
140.242432	1559.535645
140.235001	1560.035889
140.22757	1560.538452
140.220062	1561.042603
140.21257	1561.547729
140.205002	1562.053589
140.197495	1562.559326
140.189926	1563.064941
140.182373	1563.569702
140.174835	1564.07312
140.167343	1564.574707
140.159851	1565.073975
140.152405	1565.570435
140.144989	1566.063843
140.137589	1566.557007
140.129654	1567.079834
140.121841	1567.597046
140.114151	1568.108032
140.106506	1568.612671
140.098969	1569.109863
140.091553	1569.598999
140.084244	1570.079956
140.076996	1570.558105
140.06868	1571.103394
140.060577	1571.634155
140.052704	1572.149536
140.045044	1572.648071
140.03772	1573.129395
140.030609	1573.591797
140.023056	1574.082886
140.014206	1574.656494
140.00592	1575.18811
139.998367	1575.675415
139.99147	1576.115845
139.98317	1576.641846
139.973816	1577.225708
139.968033	1577.571045
139.95755	1577.959473
139.937363	1578.537109
139.920517	1578.98291
139.900574	1579.491333
139.878189	1580.048462
139.859329	1580.51001
139.839111	1580.998413
139.817642	1581.511719
139.795105	1582.047363
139.774689	1582.528198
139.753738	1583.018066
139.732208	1583.519653
139.71019	1584.03125
139.687897	1584.545898
139.666489	1585.038452
139.644775	1585.535889
139.622879	1586.036987
139.60083	1586.540649
139.578613	1587.04541
139.556381	1587.550171
139.53418	1588.053589
139.512024	1588.554321
139.490005	1589.051514
139.468124	1589.543579
139.445145	1590.060425
139.422394	1590.571167
139.400024	1591.071899
139.378204	1591.560547
139.35643	1592.046875
139.332489	1592.580322
139.309525	1593.091553
139.287659	1593.577759
139.2668	1594.040771
139.241516	1594.601563
139.21875	1595.104492
139.198792	1595.544312
139.172119	1596.130249
139.155396	1596.496094
139.140686	1596.877441
139.119049	1597.497681
139.103561	1597.957764
139.088409	1598.414795
139.071869	1598.920532
139.053955	1599.47229
139.036484	1600.016479
139.021835	1600.473145
139.006607	1600.949951
138.99086	1601.445801
138.974579	1601.959473
138.957825	1602.48999
138.940781	1603.029907
138.925873	1603.50354
138.910736	1603.986816
138.895218	1604.479126
138.879517	1604.979614
138.863632	1605.487671
138.847519	1606.002441
138.831223	1606.523193
138.815628	1607.022827
138.800247	1607.515747
138.784714	1608.012207
138.76918	1608.511475
138.75354	1609.013428
138.737793	1609.516846
138.722076	1610.021729
138.706314	1610.5271
138.690567	1611.032837
138.674789	1611.538086
138.659073	1612.042114
138.643417	1612.5448
138.627792	1613.045288
138.612289	1613.542969
138.596848	1614.037476
138.581528	1614.527954
138.565292	1615.046509
138.549133	1615.563843
138.533157	1616.074829
138.517365	1616.578369
138.501801	1617.073975
138.486511	1617.561157
138.471466	1618.038818
138.455383	1618.550171
138.438431	1619.086792
138.421936	1619.607422
138.405945	1620.110962
138.390518	1620.595581
138.375626	1621.060547
138.359924	1621.551025
138.341507	1622.120605
138.324387	1622.645264
138.308685	1623.122681
138.294403	1623.549316
138.27356	1624.158081
138.255905	1624.639526
138.239502	1625.004028
138.213776	1625.51062
138.186554	1626.016846
138.15918	1626.509521
138.130478	1627.013916
138.101456	1627.51355
138.071976	1628.014282
138.042053	1628.515137
138.011719	1629.016357
137.981201	1629.515259
137.950089	1630.017822
137.918625	1630.519287
137.887192	1631.013428
137.854309	1631.522095
137.820892	1632.025635
137.788742	1632.470703
137.732239	1633.003662
137.67514	1633.465576
137.604904	1633.99585
137.539551	1634.467163
137.467392	1634.971191
137.393951	1635.471313
137.320557	1635.960693
137.243561	1636.4646
137.166565	1636.959473
137.088623	1637.453125
137.008896	1637.950073
136.92778	1638.447754
136.845886	1638.943237
136.763535	1639.433105
136.677719	1639.935303
136.5914	1640.430908
136.506241	1640.909912
136.41272	1641.423828
136.321671	1641.909668
136.224869	1642.407349
136.12381	1642.900635
136.01265	1643.400269
135.899597	1643.830933
135.75795	1644.28772
135.604584	1644.76416
135.446747	1645.246582
135.286514	1645.730957
135.13179	1646.195068
134.966431	1646.687988
134.808105	1647.157349
134.648666	1647.627563
134.484207	1648.11084
134.321732	1648.58606
134.159836	1649.057495
133.99588	1649.532959
133.830811	1650.009766
133.665344	1650.485596
133.500275	1650.957764
133.336243	1651.424927
133.164886	1651.909912
132.996887	1652.382446
132.833206	1652.839478
132.655334	1653.332031
132.483994	1653.80127
132.31514	1654.257568
132.128403	1654.752808
131.962097	1655.18103
131.755295	1655.684326
131.584869	1656.042114
131.324188	1656.529541
131.101517	1656.930176
130.84166	1657.388916
130.595245	1657.818726
130.349182	1658.244141
130.087189	1658.69397
129.834702	1659.125244
129.584732	1659.549927
129.326981	1659.986084
129.065521	1660.42688
128.812347	1660.852173
128.555832	1661.281738
128.296967	1661.713867
128.036972	1662.146484
127.777	1662.578125
127.518089	1663.006714
127.261391	1663.430298
126.995827	1663.867188
126.731651	1664.300415
126.473991	1664.721558
126.213989	1665.144653
125.939713	1665.588989
125.679581	1666.008301
125.419891	1666.424072
125.13665	1666.873535
124.88739	1667.263672
124.58622	1667.723511
124.360222	1668.046509
124.046684	1668.46936
123.760986	1668.8479
123.449265	1669.257813
123.139771	1669.662109
122.843155	1670.048096
122.527626	1670.457153
122.218384	1670.856812
121.917198	1671.244995
121.606743	1671.644043
121.290947	1672.048706
120.986237	1672.438599
120.677505	1672.832275
120.366234	1673.228271
120.05378	1673.624756
119.741394	1674.02002
119.430557	1674.412109
119.122528	1674.799316
118.802528	1675.200317
118.486137	1675.594971
118.177757	1675.977905
117.860458	1676.369751
117.533661	1676.770752
117.224205	1677.147339
116.899773	1677.537964
116.566978	1677.932251
116.258209	1678.289551
115.90184	1678.680542
115.610962	1678.962158
115.218155	1679.323608
114.863365	1679.644287
114.467216	1679.999512
114.110245	1680.317261
113.728111	1680.65625
113.348328	1680.991699
112.978233	1681.317627
112.596489	1681.652832
112.216728	1681.985596
111.841728	1682.313354
111.462875	1682.643677
111.082352	1682.974854
110.702095	1683.304932
110.324341	1683.632324
109.947372	1683.95813
109.559464	1684.292725
109.18161	1684.617676
108.807335	1684.938599
108.411667	1685.276489
108.03907	1685.593384
107.647469	1685.924438
107.263153	1686.246826
106.868736	1686.572754
106.515244	1686.855957
106.13208	1687.1521
105.740845	1687.453247
105.323326	1687.77356
104.941124	1688.065918
104.532135	1688.377808
104.138931	1688.67688
103.737999	1688.980957
103.33522	1689.285645
102.936646	1689.58606
102.534225	1689.888428
102.131065	1690.190063
101.730186	1690.489014
101.326332	1690.788574
100.91954	1691.088379
100.525009	1691.377319
100.105125	1691.682007
99.710709	1691.964966
99.283676	1692.265869
98.886063	1692.538818
98.460419	1692.815796
98.061432	1693.052612
97.627037	1693.303101
97.180473	1693.555908
96.74987	1693.796509
96.307236	1694.040527
95.868347	1694.280273
95.425552	1694.519287
94.983719	1694.755005
94.538559	1694.989502
94.094536	1695.220215
93.645851	1695.449463
93.200127	1695.673096
92.744751	1695.89624
92.301918	1696.106323
91.833191	1696.31897
91.368408	1696.51416
90.934853	1696.671631
90.450966	1696.846191
89.995163	1697.017334
89.523819	1697.198364
89.054184	1697.381348
88.589127	1697.564697
88.121025	1697.750244
87.655342	1697.936523
87.190163	1698.123291
86.723366	1698.311523
86.259361	1698.499146
85.793037	1698.688721
85.328911	1698.877563
84.862778	1699.067749
84.401047	1699.256836
83.929367	1699.449951
83.478546	1699.634766
83.013039	1699.825562
82.579834	1699.99353
82.106377	1700.162476
81.614914	1700.330566
81.153427	1700.484009
80.664894	1700.643433
80.195221	1700.794678
79.714264	1700.947632
79.234909	1701.098389
78.757256	1701.247437
78.276199	1701.396729
77.795692	1701.544312
77.319794	1701.689697
76.833366	1701.837402
76.357002	1701.981201
75.87175	1702.126465
75.392838	1702.268921
74.906395	1702.412354
74.435966	1702.549438
73.936882	1702.692505
73.503212	1702.817017
73.02124	1702.973389
72.538155	1703.142456
72.07753	1703.311035
71.604599	1703.48999
71.13839	1703.671265
70.671745	1703.856812
70.207153	1704.045288
69.742645	1704.237305
69.283325	1704.430908
68.818443	1704.630737
68.362961	1704.830566
67.902275	1705.037598
67.443993	1705.250122
66.999855	1705.464355
66.560402	1705.690918
66.137665	1705.927246
65.708992	1706.174927
65.267609	1706.434937
64.842018	1706.688721
64.409126	1706.949219
63.98159	1707.208374
63.551628	1707.470947
63.125263	1707.732788
62.697098	1707.997314
62.271336	1708.261841
61.845829	1708.527832
61.420261	1708.795776
60.99667	1709.064331
60.574463	1709.334351
60.148232	1709.610229
59.742371	1709.877197
59.32251	1710.161499
58.942215	1710.438232
58.547039	1710.745239
58.146355	1711.068115
57.766708	1711.380859
57.378212	1711.706543
56.998329	1712.029297
56.615791	1712.358398
56.238464	1712.686523
55.860321	1713.018555
55.485203	1713.351196
55.111824	1713.685913
54.738815	1714.023926
54.369755	1714.362427
54.002335	1714.704346
53.634384	1715.053345
53.286316	1715.392456
52.930984	1715.754639
52.617569	1716.099365
52.286667	1716.477417
51.947392	1716.872803
51.634109	1717.242432
51.303425	1717.636108
50.988289	1718.014038
50.663933	1718.405762
50.347626	1718.789917
50.02948	1719.178345
49.711494	1719.568726
49.39661	1719.95752
49.080616	1720.349609
48.76696	1720.741577
48.455166	1721.133667
48.143291	1721.529541
47.833603	1721.927002
47.534206	1722.317505
47.225613	1722.731201
46.973194	1723.090698
46.686493	1723.523193
46.417725	1723.939453
46.146179	1724.366577
45.880341	1724.788818
45.61071	1725.220947
45.34993	1725.641846
45.082214	1726.076538
44.822685	1726.500244
44.561726	1726.928711
44.300499	1727.359619
44.041084	1727.789917
43.785477	1728.216187
43.524578	1728.653687
43.270634	1729.082642
43.015476	1729.516479
42.761024	1729.953369
42.513329	1730.383423
42.262745	1730.826172
42.016628	1731.273438
41.810654	1731.671509
41.588291	1732.135864
41.386883	1732.571045
41.173779	1733.040894
40.973133	1733.48999
40.766319	1733.95874
40.568974	1734.411255
40.367058	1734.879028
40.171883	1735.336426
39.97657	1735.798706
39.782547	1736.263672
39.591515	1736.727173
39.403446	1737.190063
39.215107	1737.661255
39.036083	1738.118042
38.851788	1738.60022
38.683212	1739.055908
38.509773	1739.547485
38.357334	1740.015869
38.229111	1740.485229
38.127842	1740.949341
38.023464	1741.435791
37.915028	1741.946777
37.815456	1742.420532
37.710087	1742.926392
37.610928	1743.406494
37.509109	1743.903198
37.409676	1744.393066
37.310753	1744.884644
37.212547	1745.37854
37.115711	1745.87085
37.020908	1746.359985
36.925674	1746.859619
36.835281	1747.343262
36.743172	1747.849365
36.658798	1748.329468
36.57333	1748.842163
36.499187	1749.328369
36.438641	1749.813599
36.399502	1750.28772
36.366611	1750.784058
36.336609	1751.302002
36.311062	1751.789063
36.286064	1752.300903
36.263409	1752.794067
36.241375	1753.302734
36.220867	1753.799316
36.201023	1754.30127
36.182079	1754.804321
36.164032	1755.303711
36.14661	1755.807983
36.130165	1756.308716
36.11454	1756.810913
36.099892	1757.31311
36.086376	1757.818237
36.07489	1758.307739
36.065437	1758.824707
36.061104	1759.227783
36.054226	1759.799072
36.048485	1760.244019
36.041843	1760.756714
36.034851	1761.284912
36.028564	1761.759644
36.021847	1762.263428
36.014812	1762.79248
36.008251	1763.282104
36.001728	1763.774292
35.995087	1764.279663
35.988251	1764.795532
35.981728	1765.293091
35.975166	1765.790894
35.968643	1766.29248
35.962234	1766.796875
35.95575	1767.30188
35.949425	1767.806152
35.943172	1768.307739
35.937038	1768.805176
35.931026	1769.303711
35.924812	1769.819336
35.918995	1770.324219
35.913406	1770.815918
35.907978	1771.307495
35.902393	1771.835938
35.897392	1772.338745
35.892822	1772.812134
35.888409	1773.343384
35.884617	1773.85376
35.882236	1774.303345
35.881573	1774.869385
35.88501	1775.233887
35.889698	1775.749634
35.893448	1776.248413
35.89669	1776.733032
35.900127	1777.278442
35.902977	1777.767456
35.905712	1778.25061
35.908566	1778.759644
35.911453	1779.29248
35.913994	1779.779297
35.916531	1780.27002
35.919151	1780.772583
35.921726	1781.285889
35.924229	1781.795288
35.926727	1782.289795
35.929226	1782.789063
35.931572	1783.291626
35.934071	1783.796265
35.936417	1784.301514
35.938877	1784.806152
35.941299	1785.30835
35.943642	1785.807251
35.945946	1786.30127
35.948368	1786.813354
35.95079	1787.325439
35.953133	1787.826782
35.955399	1788.316162
35.957745	1788.808716
35.960243	1789.339478
35.962666	1789.846313
35.96497	1790.327026
35.967354	1790.825562
35.970047	1791.365601
35.972431	1791.844238
35.975204	1792.359009
35.978096	1792.852783
35.980087	1793.222778
35.980831	1793.794067
35.980789	1794.240845
35.980362	1794.754395
35.97958	1795.283813
35.978798	1795.757813
35.977901	1796.260254
35.976768	1796.788208
35.97575	1797.28186
35.974541	1797.772949
35.973328	1798.276733
35.971962	1798.79126
35.970673	1799.293457
35.969345	1799.789917
35.967979	1800.290894
35.966534	1800.7948
35.965126	1801.299927
35.963604	1801.804443
35.962196	1802.307129
35.960632	1802.806152
35.959229	1803.299683
35.957703	1803.814941
35.956181	1804.323975
35.954697	1804.821167
35.953213	1805.304688
35.951687	1805.826538
35.950127	1806.341553
35.948719	1806.829346
35.947353	1807.314941
35.945789	1807.857788
35.944542	1808.336792
35.943329	1808.861816
35.942547	1809.325928
35.942432	1809.717407
35.942314	1810.282593
35.942158	1810.736572
35.942001	1811.255615
35.941883	1811.781494
35.941727	1812.255737
35.94157	1812.757813
35.941456	1813.284912
35.941338	1813.782959
35.941257	1814.272095
35.941063	1814.774048
35.940907	1815.286865
35.940792	1815.794678
35.940674	1816.289917
35.940479	1816.789795
35.940399	1817.292725
35.940205	1817.797729
35.940086	1818.303101
35.939968	1818.806641
35.939854	1819.307617
35.939697	1819.804199
35.939579	1820.305176
35.939423	1820.820557
35.939266	1821.325562
35.93919	1821.818359
35.938992	1822.300903
35.938877	1822.834229
35.938721	1823.343384
35.938602	1823.825439
35.938526	1824.325928
35.93837	1824.861572
35.938213	1825.333862
35.938057	1825.869385
35.937939	1826.320557
35.942665	1826.794189
35.958916	1827.293213
35.986023	1827.793091
36.024071	1828.293823
36.073524	1828.793457
36.135128	1829.289551
36.210907	1829.785278
36.302979	1830.278076
36.413956	1830.764648
36.548992	1831.245483
36.716415	1831.719238
36.926258	1832.174316
37.178486	1832.591064
37.463993	1833.002197
37.766766	1833.402588
38.082039	1833.794922
38.404541	1834.17749
38.733994	1834.553833
39.0704	1834.925903
39.410908	1835.292114
39.75708	1835.654663
40.108799	1836.01416
40.464073	1836.368042
40.822781	1836.716553
41.174149	1837.046875
41.55587	1837.385254
41.927002	1837.702148
42.311924	1838.025269
42.702625	1838.35022
43.084072	1838.666504
43.473682	1838.989624
43.856766	1839.308716
44.242195	1839.63147
44.625282	1839.955566
45.006104	1840.281494
45.384735	1840.611328
45.76075	1840.946533
46.124657	1841.28125
46.492859	1841.63623
46.841022	1841.998657
47.14122	1842.359131
47.442471	1842.768433
47.72794	1843.174072
48.011101	1843.584473
48.297703	1844.003418
48.578094	1844.414063
48.862862	1844.828979
49.147938	1845.240845
49.437038	1845.6521
49.727509	1846.057129
50.027431	1846.464355
50.330048	1846.86084
50.643837	1847.252441
50.97419	1847.636841
51.319931	1847.997314
51.680439	1848.305542
52.116924	1848.572021
52.551025	1848.785889
53.014385	1848.986206
53.483837	1849.171265
53.952042	1849.342773
54.429501	1849.507813
54.904499	1849.663696
55.383484	1849.813965
55.865009	1849.959473
56.344696	1850.098999
56.831455	1850.235229
57.31118	1850.36499
57.803562	1850.493408
58.277901	1850.612183
58.780205	1850.731812
59.271767	1850.841187
59.711803	1850.927734
60.205593	1850.990234
60.695087	1851.0354
61.202156	1851.074951
61.71497	1851.110229
62.199501	1851.140869
62.714581	1851.171265
63.218796	1851.199219
63.709969	1851.224976
64.215591	1851.250854
64.726372	1851.275635
65.221222	1851.299194
65.721535	1851.322144
66.225006	1851.344971
66.729301	1851.36731
67.231964	1851.389282
67.730751	1851.410767
68.227394	1851.431885
68.741104	1851.453613
69.242271	1851.474854
69.728249	1851.495483
70.247978	1851.517456
70.753563	1851.539307
71.227348	1851.559937
71.76384	1851.584595
72.248604	1851.60791
72.775398	1851.636475
73.195084	1851.665405
73.621613	1851.702759
74.189308	1851.754395
74.637352	1851.795288
75.145828	1851.842407
75.70813	1851.894531
76.165207	1851.937134
76.648407	1851.982178
77.155594	1852.029297
77.684692	1852.078857
78.181496	1852.125244
78.665009	1852.170288
79.16024	1852.216553
79.665749	1852.264038
80.180046	1852.31189
80.681725	1852.358765
81.174385	1852.404663
81.671333	1852.450928
82.17157	1852.497559
82.673836	1852.544312
83.177155	1852.591187
83.680206	1852.637817
84.181961	1852.684326
84.681374	1852.730591
85.177277	1852.776489
85.668526	1852.821777
86.178566	1852.868652
86.690475	1852.915771
87.193054	1852.961792
87.685043	1853.006836
88.16497	1853.050293
88.680122	1853.097046
89.203133	1853.144165
89.703445	1853.188965
90.179184	1853.231201
90.669693	1853.274536
91.217705	1853.322144
91.708839	1853.363892
92.14399	1853.399902
92.738525	1853.445923
93.086723	1853.467407
93.470398	1853.488037
94.090866	1853.523071
94.558525	1853.549683
95.010437	1853.575562
95.51001	1853.604126
96.054306	1853.635254
96.626572	1853.668457
97.077271	1853.694336
97.547821	1853.721558
98.03688	1853.75
98.543564	1853.779053
99.066727	1853.809326
99.605438	1853.840576
100.109146	1853.869629
100.586647	1853.897461
101.073097	1853.925293
101.56778	1853.953979
102.07032	1853.983032
102.579659	1854.012451
103.095634	1854.042114
103.617157	1854.07251
104.110512	1854.100952
104.603096	1854.129395
105.09919	1854.157959
105.598091	1854.186646
106.09903	1854.215576
106.602036	1854.244629
107.106178	1854.27356
107.611023	1854.30249
108.116142	1854.331543
108.620903	1854.360474
109.124771	1854.389282
109.627388	1854.418091
110.128212	1854.446777
110.62661	1854.47522
111.121918	1854.50354
111.613991	1854.531494
112.113678	1854.559937
112.634186	1854.5896
113.148834	1854.618652
113.656998	1854.647461
114.158211	1854.675903
114.651451	1854.703735
115.136375	1854.730957
115.612114	1854.757446
116.129501	1854.786499
116.665512	1854.816162
117.185707	1854.845215
117.689301	1854.872803
118.174965	1854.899658
118.641884	1854.924927
119.105675	1854.949951
119.684502	1854.981201
120.220711	1855.009521
120.711609	1855.034912
121.154343	1855.057495
121.67688	1855.08313
122.254463	1855.109131
122.591179	1855.119995
123.029892	1855.124634
123.559067	1855.128906
124.040123	1855.131836
124.586494	1855.13501
125.059105	1855.137329
125.555557	1855.139648
126.079613	1855.141479
126.575943	1855.143433
127.068405	1855.14502
127.574188	1855.146484
128.090912	1855.147827
128.584305	1855.148682
129.083481	1855.149536
129.586456	1855.150269
130.091263	1855.150635
130.595901	1855.150635
131.098526	1855.150635
131.597076	1855.150269
132.093292	1855.149658
132.609024	1855.148682
133.113373	1855.147095
133.603867	1855.145386
134.106689	1855.143066
134.627472	1855.140259
135.120209	1855.136475
135.60434	1855.132202
136.143097	1855.125854
136.615326	1855.118408
137.156647	1855.105591
137.581329	1855.087158
138.086182	1855.061157
138.573212	1855.038818
139.078644	1855.016846
139.581802	1854.995239
140.080399	1854.973999
140.585083	1854.952148
141.084152	1854.929688
141.585709	1854.906372
142.087936	1854.88147
142.585434	1854.855591
143.091492	1854.827148
143.583481	1854.796875
144.094101	1854.761841
144.590866	1854.723267
145.086731	1854.67749
145.594299	1854.617798
146.046249	1854.543457
146.543915	1854.444946
147.045471	1854.33728
147.523209	1854.229614
148.018951	1854.114502
148.501999	1853.998901
148.992661	1853.87915
149.477539	1853.758545
149.965195	1853.635132
150.450745	1853.510254
150.936295	1853.383301
151.421524	1853.254028
151.90715	1853.122437
152.386612	1852.98999
152.877655	1852.85022
153.353607	1852.709839
153.809738	1852.566528
154.240982	1852.405151
154.714813	1852.209961
155.170715	1852.014771
155.654297	1851.802734
156.091721	1851.608276
156.556732	1851.399048
157.025833	1851.185791
157.469543	1850.982422
157.926376	1850.771851
158.393753	1850.554932
158.842422	1850.345703
159.294693	1850.133667
159.75	1849.919067
160.206177	1849.702759
160.661102	1849.486206
161.112823	1849.270142
161.559189	1849.055542
162.019882	1848.832886
162.475235	1848.611572
162.917236	1848.395264
163.369339	1848.172485
163.832382	1847.942505
164.26738	1847.724121
164.722504	1847.493042
165.177811	1847.257324
165.603043	1847.031006
166.051132	1846.778442
166.420349	1846.53772
166.830383	1846.24353
167.240692	1845.934082
167.62796	1845.632813
168.024338	1845.317749
168.412613	1845.003662
168.80191	1844.684692
169.187424	1844.36499
169.573044	1844.042114
169.955032	1843.719238
170.338715	1843.391846
170.715744	1843.067505
171.099533	1842.734375
171.468231	1842.411255
171.851364	1842.071411
172.228363	1841.731567
172.574524	1841.411621
172.942337	1841.069946
173.310699	1840.728027
173.678467	1840.386475
174.043869	1840.047119
174.41098	1839.706421
174.778397	1839.365234
175.14473	1839.024902
175.511917	1838.684204
175.880035	1838.342163
176.247696	1838.000854
176.614914	1837.659668
176.963791	1837.331421
177.307541	1836.958984
177.628281	1836.57251
177.932541	1836.181396
178.234253	1835.775635
178.526169	1835.369629
178.814026	1834.958862
179.097885	1834.544922
179.378662	1834.128662
179.655624	1833.712402
179.93222	1833.292358
180.207138	1832.87085
180.475739	1832.456787
180.753128	1832.028687
181.028625	1831.60498
181.280853	1831.222412
181.562576	1830.792358
181.83316	1830.375854
182.104843	1829.955688
182.379364	1829.528564
182.647415	1829.109863
182.918518	1828.683716
183.186401	1828.260864
183.453583	1827.836548
183.720703	1827.409668
183.984924	1826.984497
184.248779	1826.556152
184.510269	1826.127563
184.769409	1825.697876
185.025665	1825.266479
185.280029	1824.828369
185.517334	1824.405884
185.757843	1823.950317
185.957489	1823.530273
186.166992	1823.073608
186.376755	1822.608398
186.578903	1822.155273
186.782654	1821.695923
186.985977	1821.235474
187.187653	1820.777832
187.389847	1820.318115
187.592026	1819.858398
187.79332	1819.401489
187.997147	1818.939697
188.200119	1818.481812
188.403397	1818.026001
188.612335	1817.562012
188.820465	1817.107422
189.026199	1816.670898
189.235382	1816.215698
189.435852	1815.75647
189.629059	1815.295532
189.816956	1814.83252
190.000626	1814.366821
190.181046	1813.899658
190.358429	1813.431396
190.533157	1812.962769
190.705811	1812.494019
190.876984	1812.025146
191.047729	1811.554443
191.204956	1811.092407
191.352615	1810.619629
191.497101	1810.132813
191.635193	1809.651001
191.770035	1809.169312
191.903625	1808.682495
192.034103	1808.200439
192.163712	1807.715332
192.292191	1807.22937
192.418549	1806.747437
192.546127	1806.257446
192.671051	1805.774902
192.796906	1805.286865
192.922882	1804.797119
193.045227	1804.321533
193.170227	1803.839355
193.291092	1803.364624
193.408905	1802.88147
193.524246	1802.393188
193.637619	1801.901001
193.747177	1801.414063
193.855042	1800.924683
193.960587	1800.434082
194.063828	1799.943726
194.164795	1799.451538
194.261993	1798.963135
194.356674	1798.469238
194.44722	1797.972412
194.530853	1797.477295
194.595505	1797.042358
194.66011	1796.531494
194.717728	1796.048096
194.775665	1795.549805
194.836441	1795.018555
194.889755	1794.547974
194.946014	1794.047729
195.004913	1793.520874
195.058594	1793.038696
195.113205	1792.546875
195.169098	1792.042114
195.225616	1791.53125
195.279877	1791.040161
195.334717	1790.543457
195.389923	1790.043457
195.445313	1789.541504
195.500732	1789.039917
195.555969	1788.540283
195.610931	1788.044678
195.665497	1787.553101
195.722656	1787.039673
195.778778	1786.537109
195.833588	1786.04834
195.889053	1785.555786
195.948196	1785.034058
196.004761	1784.539307
196.058426	1784.075073
196.122452	1783.529663
196.180542	1783.044678
196.244293	1782.533569
196.307724	1782.068115
196.357971	1781.655396
196.401016	1781.121948
196.431671	1780.64502
196.461792	1780.101196
196.485153	1779.630005
196.507843	1779.130859
196.530029	1778.603516
196.549377	1778.11731
196.567963	1777.621216
196.586166	1777.111816
196.603394	1776.60498
196.61972	1776.108765
196.635498	1775.607422
196.650818	1775.10376
196.665588	1774.598999
196.679916	1774.095947
196.693634	1773.596558
196.706863	1773.102783
196.720184	1772.587158
196.73288	1772.082642
196.744873	1771.592041
196.756866	1771.086182
196.768707	1770.56897
196.779572	1770.081543
196.790344	1769.576782
196.80101	1769.056885
196.809799	1768.600098
196.819412	1768.049316
196.824646	1767.667358
196.831787	1767.113403
196.837814	1766.655884
196.844528	1766.144043
196.851395	1765.620605
196.857651	1765.142822
196.864288	1764.63562
196.87117	1764.105591
196.877457	1763.624023
196.883987	1763.127808
196.890579	1762.618896
196.897293	1762.106689
196.903748	1761.612183
196.910309	1761.112305
196.91687	1760.609009
196.923477	1760.10437
196.930115	1759.599609
196.936676	1759.097046
196.943161	1758.598389
196.949646	1758.103882
196.956436	1757.587402
196.962997	1757.081665
196.969376	1756.588989
196.975891	1756.095947
196.982727	1755.569336
196.989288	1755.069824
196.995468	1754.600586
197.002533	1754.05603
197.009064	1753.562134
197.015549	1753.060303
197.022034	1752.567139
197.026291	1752.238403
197.033356	1751.698364
197.04039	1751.158447
197.046173	1750.712158
197.052734	1750.213989
197.059845	1749.667603
197.067032	1749.121582
197.072968	1748.663452
197.079208	1748.184326
197.085739	1747.684937
197.092529	1747.16748
197.099533	1746.632446
197.106247	1746.118652
197.112503	1745.640381
197.118866	1745.151855
197.125351	1744.654663
197.131943	1744.149048
197.138672	1743.63623
197.145462	1743.116699
197.152069	1742.612427
197.158478	1742.119385
197.164963	1741.622803
197.171478	1741.122803
197.17804	1740.620483
197.184647	1740.116577
197.191238	1739.611206
197.197815	1739.105591
197.204453	1738.599854
197.211014	1738.095093
197.217651	1737.591553
197.224182	1737.090332
197.230698	1736.591309
197.237137	1736.096191
197.243546	1735.604492
197.250275	1735.088989
197.257111	1734.571533
197.263702	1734.061157
197.270309	1733.55835
197.276718	1733.064331
197.283127	1732.579346
197.289291	1732.10498
197.296326	1731.566162
197.303192	1731.037354
197.309921	1730.526245
197.31633	1730.03418
197.322464	1729.562622
197.328506	1729.098877
197.336044	1728.523438
197.343002	1727.994141
197.349289	1727.514526
197.354843	1727.087402
197.362854	1726.473145
197.368744	1726.02063
197.373474	1725.649292
197.379684	1725.124146
197.385193	1724.636353
197.390854	1724.120117
197.396133	1723.630249
197.401642	1723.108521
197.406677	1722.621216
197.411789	1722.11792
197.416824	1721.610229
197.421799	1721.112793
197.426559	1720.610107
197.43132	1720.105957
197.435898	1719.603394
197.440353	1719.105713
197.444763	1718.598145
197.448868	1718.094971
197.452805	1717.607666
197.45668	1717.085693
197.459991	1716.596069
197.463043	1716.07959
197.465302	1715.591797
197.466522	1715.066895
197.466476	1714.716309
197.47406	1714.330322
197.490433	1713.722168
197.506943	1713.169678
197.520187	1712.745117
197.53508	1712.279541
197.551559	1711.774536
197.569611	1711.232178
197.589096	1710.653809
197.606552	1710.144043
197.622177	1709.689331
197.638474	1709.218872
197.655472	1708.733032
197.673004	1708.233032
197.691162	1707.718872
197.709885	1707.19165
197.729172	1706.651855
197.748245	1706.119751
197.765228	1705.647461
197.782608	1705.167969
197.800262	1704.68103
197.818237	1704.1875
197.836487	1703.687744
197.855042	1703.181885
197.873825	1702.670532
197.892929	1702.154297
197.912216	1701.633423
197.931244	1701.119629
197.949524	1700.629639
197.967926	1700.136475
197.986435	1699.640869
198.005188	1699.143066
198.024017	1698.642944
198.042969	1698.140869
198.062027	1697.637573
198.081207	1697.133301
198.100418	1696.62793
198.11972	1696.122437
198.139099	1695.616577
198.158432	1695.111206
198.177963	1694.606201
198.197372	1694.102051
198.216873	1693.598877
198.236359	1693.097168
198.255814	1692.59729
198.275314	1692.099609
198.294724	1691.604126
198.314178	1691.111694
198.333466	1690.622192
198.353973	1690.103271
198.37468	1689.582886
198.395264	1689.067505
198.415741	1688.557129
198.43605	1688.05249
198.456253	1687.553711
198.476242	1687.061157
198.496048	1686.575073
198.515701	1686.096558
198.53508	1685.625732
198.557648	1685.082153
198.580032	1684.544678
198.602188	1684.019531
198.623856	1683.507446
198.645187	1683.009521
198.66597	1682.526489
198.686356	1682.05835
198.706253	1681.606323
198.72995	1681.074341
198.755936	1680.501709
198.780731	1679.964966
198.804367	1679.466553
198.826721	1679.007202
198.847763	1678.5896
198.879684	1677.991699
198.914169	1677.417603
198.941406	1677.068726
198.981644	1676.751831
199.058868	1676.183594
199.12355	1675.714966
199.188934	1675.244507
199.262222	1674.718994
199.337921	1674.177124
199.401947	1673.719604
199.469299	1673.238281
199.539764	1672.734619
199.613083	1672.210938
199.684494	1671.699951
199.751007	1671.223999
199.819016	1670.736572
199.888351	1670.23938
199.958908	1669.73291
200.03038	1669.218994
200.099014	1668.724609
200.166946	1668.234497
200.235352	1667.740234
200.304016	1667.243042
200.372803	1666.743652
200.441635	1666.243286
200.510345	1665.742188
200.578751	1665.241821
200.646759	1664.743042
200.714172	1664.246826
200.780975	1663.753662
200.846909	1663.265015
200.914719	1662.759521
200.983154	1662.247803
201.050079	1661.744141
201.115387	1661.250244
201.178818	1660.766235
201.240341	1660.294067
201.309372	1659.759277
201.375381	1659.241943
201.437927	1658.745605
201.496719	1658.271851
201.554169	1657.800415
201.620422	1657.241211
201.678223	1656.734375
201.726776	1656.284302
201.780228	1655.733032
201.81337	1655.253662
201.813354	1654.884766
201.811523	1654.339478
201.810928	1653.872925
201.810867	1653.338135
201.811142	1652.855469
201.811584	1652.357178
201.812256	1651.830322
201.813004	1651.34436
201.813843	1650.846191
201.814743	1650.335083
201.815674	1649.832275
201.81662	1649.334473
201.817551	1648.832031
201.818573	1648.327515
201.819489	1647.82312
201.820419	1647.321167
201.821228	1646.824219
201.822067	1646.318115
201.822754	1645.808838
201.82338	1645.313354
201.823807	1644.819336
201.824081	1644.296875
201.824112	1643.803711
201.823837	1643.307739
201.822998	1642.783447
201.821579	1642.32605
201.818024	1641.777466
201.814621	1641.462402
201.814255	1641.026489
201.816162	1640.367432
201.818161	1639.913208
201.820313	1639.471313
201.822952	1638.986816
201.826004	1638.461426
201.829422	1637.897827
201.832962	1637.34436
201.835892	1636.892822
201.839035	1636.424683
201.842316	1635.939819
201.845779	1635.439697
201.849411	1634.924683
201.85318	1634.39563
201.857071	1633.85376
201.860794	1633.343384
201.864288	1632.867798
201.867844	1632.384644
201.871521	1631.893921
201.87529	1631.396484
201.879044	1630.892212
201.882919	1630.382202
201.886871	1629.866699
201.890854	1629.345947
201.894852	1628.831543
201.898651	1628.340942
201.902451	1627.847168
201.906357	1627.350464
201.910248	1626.851685
201.914215	1626.350464
201.918182	1625.847412
201.922165	1625.343262
201.926132	1624.838135
201.930145	1624.33252
201.934174	1623.826416
201.938263	1623.320435
201.942261	1622.814941
201.946289	1622.310303
201.950363	1621.807251
201.954376	1621.30542
201.95842	1620.805542
201.962402	1620.308105
201.966385	1619.813354
201.970322	1619.322021
201.974411	1618.818604
201.978653	1618.296509
201.982834	1617.779053
201.987015	1617.267212
201.991074	1616.76123
201.995117	1616.26123
201.9991	1615.768433
202.003021	1615.282471
202.006927	1614.804321
202.010834	1614.319458
202.015228	1613.773438
202.019562	1613.23999
202.023743	1612.720581
202.027832	1612.215332
202.031754	1611.725464
202.035522	1611.251709
202.039215	1610.794678
202.043213	1610.28772
202.047791	1609.712158
202.051987	1609.174072
202.055817	1608.675903
202.059326	1608.219849
202.062424	1607.807739
202.067093	1607.158569
202.070404	1606.647827
202.07164	1606.365845
202.073212	1606.003296
202.076599	1605.403564
202.079681	1604.896973
202.082474	1604.453613
202.085663	1603.963135
202.089142	1603.428345
202.093002	1602.852173
202.096252	1602.370239
202.099411	1601.90625
202.102676	1601.424194
202.106125	1600.924194
202.109665	1600.407837
202.113373	1599.876221
202.117142	1599.329834
202.120422	1598.856201
202.123825	1598.374634
202.127274	1597.88501
202.130753	1597.387207
202.134354	1596.882324
202.13797	1596.37085
202.141632	1595.853149
202.14537	1595.330444
202.148865	1594.838745
202.152405	1594.345337
202.155991	1593.848389
202.159561	1593.348999
202.163162	1592.84729
202.166794	1592.34375
202.170441	1591.838989
202.174118	1591.333618
202.177826	1590.827515
202.181473	1590.321655
202.185196	1589.81665
202.188858	1589.3125
202.192535	1588.809937
202.196228	1588.309448
202.199905	1587.81189
202.203552	1587.317017
202.207184	1586.825562
202.210999	1586.313721
202.214813	1585.793701
202.218674	1585.279907
202.222458	1584.772339
202.226181	1584.271729
202.229935	1583.779053
202.233566	1583.294189
202.237167	1582.818604
202.241074	1582.298828
202.245209	1581.76123
202.249222	1581.23877
202.253082	1580.732666
202.256866	1580.243286
202.260544	1579.772095
202.264114	1579.320313
202.26857	1578.754639
202.272964	1578.203735
202.2771	1577.695923
202.280899	1577.234131
202.284424	1576.820557
202.290146	1576.16687
202.294632	1575.710449
202.298767	1575.363892
202.303329	1574.841064
202.30658	1574.35437
202.309433	1573.842285
202.311798	1573.347778
202.314056	1572.833984
202.315979	1572.341797
202.317841	1571.833374
202.319489	1571.33374
202.32103	1570.832764
202.322479	1570.328979
202.323883	1569.825928
202.32515	1569.327515
202.326447	1568.821045
202.327576	1568.31897
202.328705	1567.823608
202.329819	1567.309937
202.330734	1566.828735
202.331818	1566.302124
202.332748	1565.809937
202.333603	1565.322266
202.332977	1564.895142
202.330383	1564.357666
202.327454	1563.882446
202.323868	1563.341553
202.320343	1562.860107
202.31665	1562.366821
202.312607	1561.845947
202.30867	1561.342896
202.304703	1560.852417
202.300644	1560.348755
202.296417	1559.833252
202.292267	1559.335938
202.288162	1558.837769
202.283981	1558.335449
202.279785	1557.830688
202.275589	1557.325928
202.271423	1556.822754
202.267242	1556.32312
202.263138	1555.828857
202.258926	1555.314819
202.254822	1554.807495
202.250839	1554.312988
202.246964	1553.824951
202.242874	1553.296509
202.239059	1552.794922
202.23558	1552.323975
202.231873	1551.782959
202.22876	1551.288208
202.226044	1550.784668
202.224686	1550.296631
202.225891	1549.905396
202.229156	1549.344971
202.232208	1548.888062
202.235901	1548.365234
202.239685	1547.851563
202.243362	1547.371704
202.247284	1546.863403
202.251419	1546.330566
202.255264	1545.85022
202.259247	1545.355225
202.263412	1544.848267
202.267639	1544.330566
202.271713	1543.837524
202.275848	1543.338867
202.280029	1542.836548
202.284286	1542.332031
202.288574	1541.826782
202.292831	1541.32312
202.297119	1540.822144
202.301346	1540.325806
202.305634	1539.822144
202.310089	1539.30835
202.314407	1538.806274
202.318649	1538.317139
202.323059	1537.814331
202.327637	1537.290894
202.331985	1536.794189
202.336105	1536.327148
202.340927	1535.778687
202.345367	1535.282471
202.349747	1534.792725
202.354462	1534.276978
202.356384	1534.028687
202.357513	1533.682007
202.358688	1533.14978
202.359787	1532.44165
202.360443	1531.908691
202.360947	1531.502808
202.361435	1531.067139
202.361893	1530.603149
202.362381	1530.110718
202.362808	1529.591797
202.363281	1529.046997
202.363693	1528.476196
202.364151	1527.88147
202.364532	1527.365601
202.364853	1526.919678
202.365158	1526.462769
202.365448	1525.995239
202.365753	1525.516846
202.366043	1525.028687
202.366348	1524.530884
202.366623	1524.023438
202.366943	1523.506836
202.367203	1522.981079
202.367493	1522.446899
202.367783	1521.904297
202.368042	1521.353149
202.368317	1520.850098
202.368515	1520.378662
202.368729	1519.902832
202.368973	1519.421509
202.369217	1518.935425
202.369415	1518.444946
202.369629	1517.949951
202.369843	1517.450806
202.370071	1516.948242
202.370285	1516.441162
202.370483	1515.930542
202.370682	1515.416382
202.37088	1514.898926
202.371094	1514.378052
202.371292	1513.85498
202.371475	1513.331665
202.371658	1512.843384
202.371826	1512.352173
202.372009	1511.859863
202.372208	1511.365601
202.37236	1510.868896
202.372528	1510.371216
202.372696	1509.872192
202.372833	1509.371216
202.373001	1508.869629
202.373154	1508.366333
202.373322	1507.862793
202.373489	1507.358521
202.373627	1506.853149
202.37381	1506.347656
202.373917	1505.841797
202.374084	1505.335327
202.374237	1504.828979
202.374374	1504.32312
202.374481	1503.816528
202.374603	1503.310913
202.374802	1502.805176
202.374924	1502.300537
202.375061	1501.796631
202.375168	1501.293091
202.375275	1500.791016
202.375427	1500.290161
202.375504	1499.789917
202.375656	1499.291626
202.375763	1498.794312
202.375854	1498.299316
202.375977	1497.805908
202.376083	1497.314087
202.376144	1496.824707
202.376282	1496.317749
202.376389	1495.792725
202.376465	1495.270874
202.376556	1494.751953
202.376678	1494.236816
202.376755	1493.724854
202.376831	1493.216187
202.376892	1492.711182
202.377029	1492.210571
202.37709	1491.714355
202.377167	1491.221802
202.377243	1490.733887
202.377319	1490.25061
202.37738	1489.771973
202.377441	1489.298462
202.377457	1488.830566
202.377518	1488.278076
202.377579	1487.732178
202.377655	1487.194214
202.377731	1486.664917
202.377747	1486.144287
202.377762	1485.632935
202.377808	1485.130859
202.377823	1484.638062
202.377853	1484.155884
202.377869	1483.683838
202.377853	1483.222412
202.377869	1482.771851
202.377884	1482.327759
202.377869	1481.722412
202.377869	1481.141846
202.377792	1480.585938
202.377747	1480.055542
202.377686	1479.552124
202.377609	1479.07605
202.377533	1478.62793
202.377457	1478.209351
202.377335	1477.820801
202.37706	1477.079834
202.376709	1476.471313
202.376251	1476.044312
202.375717	1475.808838
202.375595	1475.587158
202.376495	1475.166992
202.378387	1474.559204
202.380859	1473.850952
202.382278	1473.457642
202.383881	1473.033081
202.385666	1472.577637
202.387573	1472.09314
202.389648	1471.579834
202.391815	1471.038452
202.39418	1470.470581
202.396637	1469.876831
202.398788	1469.367798
202.400665	1468.920288
202.402634	1468.461182
202.404648	1467.990845
202.406693	1467.509644
202.408783	1467.017578
202.41095	1466.515381
202.413239	1466.003906
202.415482	1465.482056
202.417786	1464.950928
202.420197	1464.410889
202.422592	1463.862305
202.424866	1463.344971
202.426926	1462.87439
202.429031	1462.397827
202.431213	1461.91626
202.43338	1461.429932
202.435547	1460.938599
202.437744	1460.443115
202.439972	1459.942505
202.442261	1459.438354
202.44455	1458.929688
202.446854	1458.417725
202.449188	1457.901733
202.451492	1457.382568
202.453857	1456.859863
202.456207	1456.334473
202.458496	1455.841187
202.460724	1455.350586
202.462952	1454.858032
202.465195	1454.363525
202.467438	1453.867188
202.469681	1453.369141
202.471985	1452.869019
202.474258	1452.368286
202.476532	1451.866211
202.478867	1451.362915
202.481155	1450.859009
202.483459	1450.354126
202.485779	1449.848755
202.488068	1449.342896
202.490402	1448.836792
202.492706	1448.330566
202.495041	1447.824341
202.497391	1447.317627
202.49968	1446.81189
202.502014	1446.306641
202.504349	1445.802002
202.506638	1445.298096
202.508987	1444.795288
202.511292	1444.293457
202.513596	1443.792725
202.515869	1443.293701
202.518173	1442.796021
202.520477	1442.300171
202.522736	1441.80603
202.52504	1441.314087
202.527283	1440.823975
202.529587	1440.321167
202.532028	1439.796875
202.534424	1439.274658
202.536835	1438.75647
202.53923	1438.241211
202.541595	1437.730225
202.543945	1437.222412
202.546249	1436.71936
202.548584	1436.219971
202.550873	1435.725464
202.553162	1435.235107
202.555389	1434.750122
202.557648	1434.269653
202.559799	1433.794922
202.562012	1433.325073
202.564484	1432.787354
202.567047	1432.240723
202.569565	1431.702881
202.571991	1431.174438
202.574387	1430.654907
202.576752	1430.145264
202.579071	1429.64563
202.581345	1429.15625
202.583557	1428.67749
202.585693	1428.209839
202.587845	1427.753418
202.589859	1427.309204
202.592438	1426.760376
202.595154	1426.173096
202.597717	1425.611328
202.600204	1425.076782
202.602539	1424.570068
202.604736	1424.092407
202.606812	1423.644653
202.608688	1423.227417
202.610596	1422.803589
202.613983	1422.060547
202.616501	1421.496948
202.618057	1421.123657
202.619644	1420.900146
202.633743	1420.462646
202.660446	1419.849487
202.680756	1419.421997
202.704742	1418.940552
202.732086	1418.408447
202.762085	1417.838135
202.786377	1417.384521
202.812164	1416.909058
202.839371	1416.412598
202.867905	1415.897217
202.897675	1415.363403
202.926422	1414.852661
202.953506	1414.373901
202.981339	1413.885254
203.009842	1413.387451
203.039001	1412.880859
203.06868	1412.36731
203.098984	1411.84668
203.127731	1411.35376
203.156677	1410.859863
203.185913	1410.362427
203.2155	1409.862427
203.245224	1409.359863
203.275223	1408.856079
203.305344	1408.351318
203.335617	1407.84668
203.365967	1407.342163
203.396347	1406.839355
203.426697	1406.338257
203.456985	1405.839966
203.487198	1405.345093
203.517242	1404.854004
203.548889	1404.340332
203.580765	1403.824341
203.612305	1403.315308
203.643509	1402.814697
203.674286	1402.32312
203.704651	1401.841064
203.735489	1401.35376
203.769775	1400.814941
203.803223	1400.293213
203.835693	1399.790649
203.867126	1399.30835
203.897461	1398.847412
203.93277	1398.317261
203.969818	1397.769287
204.004227	1397.27124
204.035751	1396.825806
204.076324	1396.277466
204.118439	1395.759033
204.155792	1395.399048
204.20755	1394.88916
204.25383	1394.396118
204.298264	1393.897949
204.341873	1393.390381
204.383026	1392.896973
204.424072	1392.391479
204.463409	1391.894775
204.502167	1391.394043
204.540054	1390.892578
204.576721	1390.395874
204.613022	1389.890137
204.647324	1389.398071
204.681641	1388.886963
204.713211	1388.394165
204.743362	1387.88855
204.770248	1387.37915
204.790634	1386.944092
204.830521	1386.411499
204.872391	1385.941162
204.923019	1385.412842
204.970642	1384.936279
205.022842	1384.42688
205.074951	1383.92749
205.126968	1383.433838
205.180847	1382.925903
205.233719	1382.429443
205.286713	1381.932373
205.340012	1381.431519
205.393066	1380.930176
205.445557	1380.43103
205.496933	1379.937744
205.549103	1379.429321
205.599442	1378.930176
205.647202	1378.444946
205.696777	1377.924683
205.741287	1377.435547
205.784561	1376.924927
205.821945	1376.429199
205.851974	1375.911865
205.859787	1375.48291
205.861267	1374.99231
205.865799	1374.495239
205.871765	1373.991211
205.878708	1373.470459
205.885635	1372.988525
205.893311	1372.476074
205.901291	1371.964233
205.909119	1371.475098
205.917313	1370.971558
205.925812	1370.455811
205.934021	1369.96167
205.942383	1369.462158
205.950867	1368.95874
205.959351	1368.453979
205.967804	1367.950073
205.976212	1367.449341
205.984482	1366.953857
205.992905	1366.443237
206.001144	1365.936279
206.009018	1365.443115
206.016846	1364.943115
206.024719	1364.423584
206.031769	1363.93335
206.038589	1363.432129
206.044922	1362.911011
206.0495	1362.450928
206.052277	1361.905396
206.057892	1361.570923
206.104507	1361.085083
206.176544	1360.496216
206.233353	1360.067993
206.299469	1359.588745
206.374344	1359.061646
206.457443	1358.490112
206.524765	1358.034058
206.594254	1357.568237
206.667358	1357.082764
206.743866	1356.578735
206.823547	1356.057129
206.906143	1355.52002
206.979187	1355.046997
207.053162	1354.569946
207.128799	1354.083618
207.205994	1353.588989
207.284592	1353.086548
207.364441	1352.577148
207.44545	1352.062012
207.5224	1351.572998
207.599274	1351.084961
207.676849	1350.593506
207.754898	1350.099487
207.833359	1349.602783
207.91217	1349.104614
207.991074	1348.605591
208.070129	1348.105957
208.149139	1347.606567
208.228043	1347.107788
208.306732	1346.610229
208.384933	1346.11499
208.462784	1345.622192
208.54007	1345.132202
208.616562	1344.646362
208.695953	1344.141479
208.776382	1343.62915
208.855682	1343.123047
208.933594	1342.624634
209.010132	1342.133911
209.084961	1341.651978
209.158081	1341.179443
209.236359	1340.671509
209.317596	1340.141968
209.395752	1339.629028
209.470703	1339.133667
209.542084	1338.657837
209.609787	1338.202026
209.686111	1337.681396
209.76532	1337.131104
209.836044	1336.626953
209.897736	1336.172485
209.957581	1335.708374
210.026108	1335.103516
210.050781	1334.738281
210.051819	1334.399048
210.058456	1333.815552
210.065445	1333.321899
210.072495	1332.865967
210.08075	1332.359375
210.090134	1331.804932
210.099274	1331.279541
210.107498	1330.818115
210.116165	1330.335449
210.125305	1329.833374
210.134933	1329.31311
210.14502	1328.775635
210.154465	1328.272583
210.163605	1327.79248
210.172943	1327.302979
210.182495	1326.804443
210.192276	1326.297974
210.202286	1325.784058
210.212418	1325.263672
210.222229	1324.763428
210.231964	1324.270264
210.241776	1323.773071
210.251694	1323.273193
210.261673	1322.77063
210.271759	1322.266479
210.281815	1321.76123
210.291946	1321.255615
210.302139	1320.75
210.312332	1320.245483
210.322479	1319.741943
210.332626	1319.241089
210.342743	1318.742432
210.352829	1318.247681
210.362869	1317.756348
210.373413	1317.238403
210.384003	1316.721558
210.394424	1316.211792
210.404755	1315.709717
210.414932	1315.216187
210.424957	1314.731812
210.434723	1314.257813
210.445953	1313.715698
210.456894	1313.187622
210.467499	1312.67749
210.477753	1312.186523
210.487579	1311.715576
210.497345	1311.247314
210.509369	1310.67334
210.520477	1310.145508
210.530594	1309.667358
210.539612	1309.241699
210.552795	1308.623413
210.562515	1308.175415
210.566376	1307.904541
210.564606	1307.439697
210.558029	1306.763428
210.553146	1306.356445
210.547195	1305.903687
210.540314	1305.407471
210.532532	1304.869995
210.523819	1304.293213
210.516174	1303.797974
210.508926	1303.338623
210.501282	1302.861816
210.493256	1302.368164
210.484879	1301.859131
210.476181	1301.335327
210.467148	1300.797363
210.45816	1300.268677
210.450058	1299.794678
210.441788	1299.312744
210.433319	1298.822998
210.424667	1298.325806
210.415848	1297.822021
210.406921	1297.311646
210.397812	1296.796021
210.388611	1296.275146
210.379608	1295.766479
210.370819	1295.275269
210.361954	1294.780884
210.353088	1294.283569
210.344101	1293.783569
210.335052	1293.28186
210.325974	1292.778442
210.316833	1292.273926
210.307648	1291.768555
210.298477	1291.262329
210.289291	1290.756592
210.280075	1290.251099
210.270859	1289.74646
210.261673	1289.242676
210.252502	1288.740845
210.243317	1288.240967
210.234207	1287.74353
210.225159	1287.248901
210.21611	1286.757202
210.206833	1286.251343
210.197235	1285.729736
210.18779	1285.213623
210.17836	1284.702881
210.169128	1284.19873
210.159958	1283.701294
210.15097	1283.210693
210.142151	1282.728149
210.133453	1282.253906
210.12384	1281.730225
210.113937	1281.191406
210.10437	1280.666626
210.095108	1280.156494
210.08609	1279.661743
210.077438	1279.183838
210.069092	1278.723145
210.060379	1278.238281
210.049988	1277.658936
210.040421	1277.11853
210.031708	1276.619385
210.023788	1276.163452
210.016876	1275.753052
210.006104	1275.091309
209.999176	1274.609985
209.996277	1274.310059
209.987686	1273.805298
209.976593	1273.310547
209.964386	1272.813965
209.950378	1272.271729
209.937775	1271.801636
209.924103	1271.30188
209.909424	1270.775269
209.895523	1270.282349
209.881485	1269.790161
209.866943	1269.28479
209.852066	1268.768433
209.837692	1268.273438
209.823181	1267.775146
209.808548	1267.273071
209.793747	1266.768555
209.778976	1266.263916
209.764252	1265.76062
209.749619	1265.26062
209.735184	1264.765625
209.720306	1264.255737
209.705582	1263.74585
209.691208	1263.248291
209.677353	1262.765015
209.662537	1262.241211
209.648239	1261.730347
209.634949	1261.248047
209.621307	1260.738037
209.607788	1260.215576
209.59671	1259.760376
209.584854	1259.199951
209.580429	1258.859741
209.578278	1258.50293
209.575058	1257.925293
209.571793	1257.312988
209.569611	1256.89856
209.567322	1256.444092
209.564758	1255.95105
209.562119	1255.421387
209.559296	1254.856567
209.556427	1254.277466
209.554214	1253.831177
209.551865	1253.368896
209.549545	1252.89209
209.547104	1252.400757
209.544647	1251.895874
209.542068	1251.377808
209.539474	1250.846802
209.536835	1250.304321
209.534286	1249.781738
209.531982	1249.308594
209.529648	1248.828491
209.527298	1248.341553
209.524872	1247.847778
209.52243	1247.348389
209.519989	1246.84314
209.517532	1246.332642
209.514999	1245.817261
209.512497	1245.297119
209.509995	1244.772949
209.507614	1244.28064
209.505188	1243.788696
209.502808	1243.293945
209.500381	1242.796875
209.497986	1242.297607
209.495575	1241.796021
209.493118	1241.293457
209.490692	1240.789551
209.488235	1240.284668
209.485809	1239.779053
209.483398	1239.273071
209.480911	1238.766479
209.478516	1238.26062
209.476013	1237.755249
209.473587	1237.25061
209.471191	1236.74707
209.468765	1236.244873
209.46637	1235.744385
209.463928	1235.245728
209.461517	1234.749023
209.459122	1234.255127
209.456772	1233.76416
209.45433	1233.260742
209.451797	1232.737793
209.449295	1232.218872
209.446793	1231.704956
209.444305	1231.196167
209.441849	1230.692749
209.439453	1230.195313
209.437027	1229.703857
209.434677	1229.219116
209.432358	1228.741211
209.430069	1228.270264
209.427383	1227.72229
209.424759	1227.183594
209.422165	1226.656738
209.419647	1226.142822
209.417175	1225.642212
209.414795	1225.155518
209.41246	1224.683105
209.410187	1224.226196
209.407806	1223.747681
209.404846	1223.160156
209.402069	1222.606567
209.399445	1222.088867
209.397034	1221.608154
209.394745	1221.166382
209.392654	1220.765381
209.388901	1220.068237
209.386047	1219.560303
209.38414	1219.276489
209.38205	1218.892456
209.379913	1218.273804
209.378723	1217.848267
209.377502	1217.364502
209.376297	1216.827148
209.375137	1216.287354
209.374207	1215.824707
209.373276	1215.338501
209.372375	1214.830566
209.371445	1214.30249
209.370575	1213.779297
209.369797	1213.300293
209.369019	1212.810425
209.368271	1212.310547
209.367538	1211.801514
209.36676	1211.284668
209.366074	1210.775391
209.365387	1210.282349
209.364716	1209.784912
209.36409	1209.284302
209.363449	1208.780884
209.362808	1208.276123
209.362228	1207.77063
209.361633	1207.265015
209.361069	1206.760498
209.360519	1206.25769
209.360001	1205.757568
209.359482	1205.260986
209.358994	1204.768677
209.358475	1204.25415
209.358017	1203.73877
209.357574	1203.231079
209.357147	1202.73291
209.35675	1202.244995
209.356384	1201.768066
209.356018	1201.233521
209.355682	1200.708862
209.355392	1200.204712
209.355148	1199.722534
209.35495	1199.26416
209.354797	1198.704956
209.354721	1198.176514
209.354767	1197.703003
209.35495	1197.238037
209.355576	1196.651978
209.356598	1196.311523
209.357742	1195.922974
209.358978	1195.294922
209.35968	1194.850464
209.360306	1194.388062
209.361008	1193.875977
209.361694	1193.317627
209.362305	1192.797974
209.362823	1192.336304
209.363358	1191.854248
209.363907	1191.352783
209.36441	1190.83313
209.36496	1190.297119
209.365479	1189.784302
209.365967	1189.306396
209.36644	1188.818604
209.366913	1188.321899
209.367371	1187.817261
209.367889	1187.305176
209.368347	1186.786499
209.36882	1186.275024
209.369247	1185.783081
209.36972	1185.287354
209.370148	1184.788452
209.370621	1184.287109
209.371063	1183.783691
209.371552	1183.278687
209.371994	1182.773071
209.372437	1182.26709
209.372879	1181.761963
209.373352	1181.257446
209.373825	1180.754639
209.374252	1180.253906
209.374756	1179.756104
209.375183	1179.261719
209.375641	1178.770508
209.376129	1178.248047
209.376572	1177.731812
209.37709	1177.222412
209.377548	1176.720581
209.378036	1176.227417
209.37851	1175.743042
209.378967	1175.268555
209.379501	1174.72998
209.380066	1174.199951
209.380585	1173.687012
209.381134	1173.192627
209.381638	1172.717773
209.382187	1172.263672
209.382843	1171.697998
209.383514	1171.15625
209.384216	1170.662231
209.384872	1170.218872
209.385773	1169.673828
209.386963	1169.131348
209.387939	1168.848511
209.388702	1168.595825
209.389587	1168.160156
209.390686	1167.550659
209.391922	1166.776367
209.392517	1166.385376
209.393158	1165.973145
209.393784	1165.533447
209.394409	1165.067261
209.395157	1164.574707
209.395813	1164.056885
209.396576	1163.514404
209.397324	1162.94812
209.398102	1162.358643
209.398819	1161.784546
209.399368	1161.34375
209.399963	1160.892212
209.400543	1160.43042
209.401108	1159.958862
209.401672	1159.477539
209.402283	1158.986938
209.402863	1158.487671
209.403473	1157.979004
209.404114	1157.461792
209.404724	1156.936279
209.405304	1156.402588
209.405975	1155.861084
209.40657	1155.3125
209.407181	1154.779907
209.407684	1154.310547
209.408234	1153.836548
209.408752	1153.35791
209.409271	1152.875366
209.409836	1152.387817
209.410339	1151.896118
209.410889	1151.401123
209.411423	1150.901489
209.411926	1150.398071
209.41246	1149.891235
209.41301	1149.38147
209.413513	1148.867798
209.414032	1148.350952
209.414581	1147.831177
209.4151	1147.309082
209.415619	1146.783691
209.416168	1146.277466
209.416611	1145.787842
209.417099	1145.296997
209.417572	1144.803711
209.418045	1144.309326
209.418518	1143.812744
209.418976	1143.314697
209.419449	1142.815918
209.419891	1142.315186
209.420349	1141.813354
209.420822	1141.311279
209.42128	1140.807617
209.421707	1140.303223
209.422165	1139.798706
209.422607	1139.293091
209.42308	1138.786987
209.423477	1138.281372
209.423904	1137.77478
209.424332	1137.268921
209.424728	1136.762329
209.425156	1136.255859
209.425537	1135.750488
209.425964	1135.244873
209.426361	1134.739624
209.426758	1134.235718
209.427139	1133.731812
209.427521	1133.229004
209.427887	1132.727661
209.428238	1132.226807
209.428589	1131.727173
209.42894	1131.229492
209.429276	1130.732666
209.429642	1130.237305
209.429962	1129.744385
209.430267	1129.252686
209.430588	1128.762695
209.430908	1128.262817
209.431213	1127.737671
209.431503	1127.214478
209.431808	1126.694214
209.432083	1126.17688
209.432373	1125.663452
209.432648	1125.152466
209.432907	1124.64502
209.433136	1124.141113
209.43338	1123.641479
209.433594	1123.145142
209.433807	1122.652832
209.434006	1122.164551
209.434189	1121.681396
209.434357	1121.201904
209.434509	1120.727173
209.434662	1120.25708
209.434799	1119.738892
209.434937	1119.188599
209.435059	1118.645874
209.43515	1118.110962
209.435226	1117.583984
209.435287	1117.065918
209.435303	1116.555908
209.435333	1116.054688
209.435333	1115.562622
209.435272	1115.079834
209.435226	1114.606567
209.43515	1114.143799
209.435059	1113.690552
209.434921	1113.247681
209.434738	1112.700073
209.434433	1112.107056
209.434143	1111.537354
209.433746	1110.990967
209.433319	1110.469116
209.432831	1109.972412
209.432266	1109.501709
209.431671	1109.057617
209.431015	1108.640991
209.430313	1108.252563
209.428528	1107.524902
209.426331	1106.888306
209.423721	1106.424194
209.420731	1106.141479
209.407883	1105.826416
209.370529	1105.285767
209.332275	1104.817627
209.284882	1104.281494
209.240692	1103.806519
209.192673	1103.307129
209.141052	1102.7854
209.092239	1102.302979
209.040894	1101.804932
208.987274	1101.294189
208.934525	1100.799316
208.880859	1100.302856
208.825974	1099.802612
208.770233	1099.300903
208.713821	1098.800415
208.657059	1098.303467
208.600159	1097.8125
208.540054	1097.30127
208.480347	1096.801636
208.421417	1096.317261
208.357727	1095.804199
208.293808	1095.301392
208.232254	1094.830566
208.160049	1094.298828
208.091614	1093.821289
208.009338	1093.296509
207.93042	1092.882202
207.817932	1092.391357
207.704559	1091.919922
207.579651	1091.412354
207.461105	1090.9375
207.338242	1090.450073
207.211533	1089.951904
207.089874	1089.47644
206.963608	1088.986084
206.836914	1088.49646
206.711563	1088.014404
206.584488	1087.528076
206.456482	1087.040161
206.328217	1086.553711
206.200516	1086.071655
206.070969	1085.584961
205.939682	1085.094238
205.8116	1084.61853
205.678314	1084.126587
205.544846	1083.638062
205.416916	1083.174316
205.273941	1082.66333
205.144501	1082.210327
204.994446	1081.705933
204.885834	1081.375854
204.707138	1080.870117
204.527756	1080.372192
204.372971	1079.946411
204.199112	1079.470459
204.007523	1078.948242
203.832184	1078.471802
203.670563	1078.033691
203.501175	1077.575439
203.324326	1077.098022
203.140778	1076.603149
202.955109	1076.103516
202.788986	1075.656982
202.618958	1075.200684
202.445465	1074.735474
202.268631	1074.261963
202.088837	1073.781128
201.90654	1073.294067
201.731583	1072.827148
201.558044	1072.364502
201.383041	1071.898438
201.206772	1071.429565
201.029449	1070.958374
200.851517	1070.486084
200.673096	1070.013062
200.494431	1069.539795
200.315887	1069.067505
200.137573	1068.596436
199.9599	1068.127563
199.782944	1067.661255
199.607178	1067.19873
199.432205	1066.738892
199.246384	1066.251343
199.062805	1065.770508
198.881638	1065.296753
198.703323	1064.831421
198.528122	1064.375244
198.356247	1063.928589
198.169083	1063.443359
197.977264	1062.947754
197.791656	1062.469849
197.612732	1062.010742
197.44101	1061.572144
197.264023	1061.122437
197.055618	1060.596558
196.863785	1060.117065
196.689804	1059.6875
196.505402	1059.240601
196.276184	1058.70752
196.121902	1058.390015
195.89859	1057.953369
195.681076	1057.512207
195.454758	1057.045898
195.240585	1056.600708
195.024521	1056.149292
194.801987	1055.682983
194.591553	1055.241089
194.374435	1054.78479
194.156525	1054.326782
193.942673	1053.877686
193.726395	1053.424072
193.509003	1052.968994
193.291641	1052.515015
193.075394	1052.065063
192.857315	1051.613159
192.635086	1051.155029
192.418274	1050.710693
192.194687	1050.256592
191.967804	1049.800537
191.753586	1049.375977
191.50853	1048.900269
191.289215	1048.488037
191.024643	1048.021729
190.791565	1047.668945
190.483429	1047.247681
190.185837	1046.856812
189.87175	1046.453369
189.565292	1046.065674
189.242996	1045.662354
188.93512	1045.28064
188.615433	1044.887207
188.297424	1044.498291
187.979919	1044.112305
187.658936	1043.724243
187.336884	1043.336914
187.016083	1042.953003
186.694199	1042.569702
186.36615	1042.181396
186.047241	1041.805786
185.714111	1041.416138
185.389038	1041.038696
185.057373	1040.657349
184.727158	1040.282593
184.38089	1039.89856
184.091019	1039.591064
183.738525	1039.223511
183.401825	1038.872192
183.050705	1038.505737
182.691086	1038.130737
182.357483	1037.783081
182.002884	1037.413818
181.646133	1037.042847
181.307846	1036.691284
180.959335	1036.329468
180.602112	1035.959229
180.256485	1035.60144
179.909637	1035.24292
179.559738	1034.881958
179.208145	1034.519775
178.856369	1034.158081
178.505875	1033.798706
178.158203	1033.442993
177.805939	1033.083496
177.447128	1032.718628
177.096695	1032.363525
176.756348	1032.020264
176.384796	1031.647461
176.02742	1031.29126
175.690887	1030.95874
175.30574	1030.582642
174.952576	1030.243896
174.571808	1029.889893
174.231186	1029.596802
173.87851	1029.318848
173.474228	1028.998291
173.086349	1028.690308
172.67543	1028.36377
172.298782	1028.064331
171.897629	1027.745483
171.499435	1027.428955
171.114899	1027.123413
170.718811	1026.808838
170.318665	1026.491211
169.930252	1026.183228
169.537552	1025.871948
169.142365	1025.559082
168.746613	1025.245972
168.352158	1024.934326
167.961044	1024.625732
167.566406	1024.314819
167.164841	1023.999023
166.773453	1023.692017
166.387589	1023.389954
165.974335	1023.067627
165.583878	1022.764404
165.191406	1022.461243
164.776367	1022.14325
164.404327	1021.861877
163.973236	1021.544678
163.655716	1021.329041
163.173264	1021.02301
162.795242	1020.788391
162.359436	1020.520752
161.90686	1020.244751
161.501648	1019.998718
161.071243	1019.738403
160.618546	1019.465454
160.19754	1019.212158
159.775848	1018.959045
159.342941	1018.699524
158.900574	1018.434814
158.472092	1018.178711
158.045074	1017.923889
157.614258	1017.666992
157.181076	1017.409058
156.746994	1017.150696
156.313477	1016.892944
155.881927	1016.636536
155.453857	1016.382385
155.026825	1016.129089
154.582504	1015.865784
154.147339	1015.607971
153.722855	1015.356689
153.304764	1015.109375
152.84758	1014.839111
152.412292	1014.582031
152.001373	1014.339539
151.552063	1014.074524
151.105972	1013.811707
150.717148	1013.582947
150.228592	1013.296143
149.919937	1013.116211
149.547867	1012.905396
148.998245	1012.597351
148.629929	1012.391724
148.214905	1012.160461
147.756104	1011.905151
147.256439	1011.627502
146.841293	1011.397034
146.430298	1011.168945
146.001099	1010.930908
145.555237	1010.683777
145.09346	1010.427917
144.619034	1010.165222
144.204117	1009.935547
143.780228	1009.700989
143.348099	1009.461914
142.908646	1009.218811
142.462128	1008.971924
142.00946	1008.72168
141.557388	1008.471863
141.127365	1008.234192
140.693832	1007.99469
140.25708	1007.753479
139.818176	1007.511169
139.377472	1007.267761
138.935501	1007.023865
138.492599	1006.779419
138.049805	1006.535156
137.607483	1006.291077
137.166168	1006.047729
136.726181	1005.805054
136.288589	1005.563782
135.853714	1005.324097
135.421875	1005.086121
134.97934	1004.842346
134.524292	1004.591675
134.075089	1004.34436
133.632431	1004.100708
133.197281	1003.861145
132.769836	1003.625977
132.351074	1003.39563
131.896973	1003.145935
131.429276	1002.888855
130.976593	1002.640198
130.540543	1002.400757
130.121826	1002.171021
129.721985	1001.951721
129.233292	1001.683899
128.75798	1001.423706
128.325287	1001.187256
127.938034	1000.975891
127.44268	1000.706543
126.990318	1000.462463
126.767349	1000.344666
126.52037	1000.214844
126.113472	1000.000305
125.554512	999.7052
124.899422	999.359253
124.557106	999.178406
124.189735	998.984375
123.7985	998.777649
123.383789	998.558472
122.946228	998.327271
122.486488	998.08429
122.005211	997.829895
121.502632	997.56427
120.980225	997.288086
120.481628	997.024597
120.090958	996.818054
119.691582	996.606934
119.28286	996.39093
118.865906	996.170532
118.440063	995.945374
118.006439	995.716125
117.564331	995.482483
117.114937	995.244873
116.657471	995.003052
116.193161	994.757629
115.72123	994.508179
115.242928	994.25531
114.757965	993.998962
114.284042	993.748413
113.869705	993.529419
113.451149	993.308167
113.027977	993.084534
112.60141	992.85907
112.170486	992.631226
111.73642	992.401794
111.298805	992.170471
110.857208	991.937073
110.41288	991.702148
109.96537	991.465698
109.514252	991.227234
109.060806	990.987549
108.603981	990.746155
108.145111	990.503601
107.683708	990.259766
107.21933	990.014343
106.767105	989.775269
106.334557	989.546753
105.900299	989.317261
105.465019	989.087219
105.027603	988.856079
104.588829	988.624207
104.149284	988.391907
103.707939	988.158752
103.265495	987.924988
102.82267	987.690918
102.378296	987.456177
101.933151	987.220886
101.487892	986.985779
101.041435	986.749817
100.59446	986.513733
100.147743	986.27771
99.700089	986.041199
99.252243	985.804688
98.804306	985.568054
98.357002	985.331726
97.90921	985.095154
97.461609	984.858704
97.014961	984.622864
96.5681	984.386841
96.121773	984.151062
95.676697	983.916077
95.231689	983.681091
94.787537	983.446472
94.344292	983.212402
93.90271	982.979248
93.461647	982.746399
93.021812	982.514099
92.583931	982.282959
92.146866	982.052185
91.711334	981.822327
91.278076	981.593567
90.845947	981.365417
90.383423	981.121277
89.920181	980.876831
89.458778	980.63324
89.000504	980.391479
88.544922	980.151062
88.091568	979.911865
87.641724	979.6745
87.194374	979.438416
86.750809	979.204407
86.310577	978.972168
85.873215	978.741516
85.440018	978.513
85.010513	978.28656
84.584328	978.061768
84.162636	977.839417
83.744537	977.618958
83.325371	977.39801
82.835526	977.139832
82.351646	976.884827
81.875	976.633545
81.4048	976.385864
80.942276	976.142151
80.486626	975.902161
80.039108	975.666443
79.598953	975.434753
79.16732	975.207458
78.743507	974.984436
78.328667	974.766052
77.922104	974.552185
77.524521	974.343079
77.132019	974.136719
76.594978	973.85437
76.077736	973.582581
75.580528	973.321472
75.104752	973.071716
74.650688	972.833496
74.218979	972.607178
73.809967	972.392883
73.424934	972.191406
73.064186	972.002808
72.651924	971.787476
71.988106	971.441833
71.470451	971.173889
71.106987	970.987793
70.905777	970.887939
70.531425	970.705811
70.060646	970.46698
69.630394	970.244995
69.149223	969.994507
68.731842	969.776001
68.28672	969.542175
67.819527	969.296021
67.392471	969.070496
66.951836	968.837463
66.499939	968.598328
66.054802	968.362549
65.61525	968.129639
65.171783	967.894592
64.726051	967.658325
64.280197	967.421997
63.835896	967.186707
63.395176	966.95343
62.95438	966.720398
62.499935	966.480347
62.056316	966.24646
61.625576	966.019836
61.166687	965.779053
60.715282	965.543091
60.290775	965.322144
59.82238	965.080139
59.377724	964.852661
58.927742	964.626526
58.494785	964.418274
58.070076	964.231995
57.61002	964.03772
57.141445	963.844116
56.676678	963.655212
56.213448	963.469177
55.743515	963.282532
55.279636	963.100037
54.811382	962.91748
54.344131	962.736938
53.874393	962.557068
53.409134	962.380737
52.933926	962.202698
52.466679	962.030151
51.999187	961.860901
51.519844	961.692688
51.081917	961.550232
50.595459	961.406128
50.100452	961.26709
49.628025	961.138977
49.12991	961.007385
48.654541	960.884644
48.16243	960.760193
47.678631	960.640137
47.190887	960.521362
46.70121	960.404358
46.21418	960.290283
45.723179	960.177856
45.233555	960.068542
44.743256	959.962341
44.250969	959.859802
43.755222	959.761902
43.274597	959.6745
42.764553	959.596008
42.309509	959.546204
41.806644	959.497192
41.295849	959.450378
40.806381	959.407654
40.302811	959.365601
39.803867	959.325745
39.302994	959.28772
38.803062	959.251709
38.301411	959.217651
37.803383	959.186157
37.298466	959.156982
36.805264	959.131714
36.295399	959.109924
35.795059	959.093933
35.303055	959.086243
34.793129	959.092224
34.328762	959.112061
33.825077	959.130981
33.30928	959.148804
32.820702	959.165039
32.312298	959.181824
31.815527	959.198486
31.310556	959.215759
30.811302	959.233582
30.308525	959.252258
29.807299	959.272034
29.307129	959.293152
28.803392	959.316223
28.304234	959.34137
27.80167	959.369751
27.296835	959.402649
26.81436	959.440552
26.305082	959.493103
25.838505	959.563599
25.346352	959.65448
24.847256	959.756287
24.360537	959.862
23.871376	959.973083
23.380741	960.088501
22.89496	960.206177
22.407583	960.327271
21.920864	960.451233
21.437494	960.577148
20.950142	960.707336
20.466917	960.839661
19.986523	960.975159
19.498104	961.11792
19.02059	961.264526
18.572557	961.413086
18.095657	961.578552
17.637978	961.738281
17.150492	961.909119
16.68725	962.072327
16.204363	962.243164
15.73911	962.40863
15.259158	962.5802
14.791624	962.748352
14.319427	962.919128
13.846156	963.091553
13.375907	963.264221
12.905921	963.438354
12.432421	963.615662
11.97205	963.790344
11.491976	963.975525
11.038871	964.154114
10.558783	964.349182
10.095267	964.547302
9.678026	964.744019
9.228412	964.981201
8.804183	965.215271
8.360579	965.466064
7.927958	965.714539
7.492289	965.967651
7.060389	966.221008
6.62661	966.477478
6.196859	966.733398
5.765087	966.992065
5.33534	967.25116
4.907943	967.510315
4.476136	967.773743
4.053905	968.032959
3.620262	968.301086
3.197762	968.564758
2.77451	968.831848
2.343016	969.109375
1.990599	969.347473
1.554872	969.67157
1.187338	969.95575
0.768007	970.28656
0.392343	970.58667
0.001727	970.901672
-0.402975	971.230591
-0.779469	971.538391
-1.167379	971.8573
-1.564137	972.184998
-1.944679	972.500671
-2.329201	972.820923
-2.715704	973.144043
-3.102213	973.468506
-3.486671	973.792419
-3.867276	974.114258
-4.250231	974.439514
-4.638619	974.770691
-5.015773	975.093872
-5.390758	975.41687
-5.783942	975.757568
-6.152906	976.079773
-6.534713	976.416321
-6.914259	976.755432
-7.281686	977.091064
-7.631032	977.425781
-7.926466	977.747253
-8.261598	978.141602
-8.576988	978.525574
-8.900656	978.927429
-9.204303	979.309326
-9.525562	979.717468
-9.829596	980.106873
-10.135059	980.500549
-10.447863	980.906006
-10.751051	981.301086
-11.054645	981.698425
-11.359639	982.099304
-11.664264	982.501282
-11.966846	982.902222
-12.265826	983.299927
-12.569537	983.705444
-12.87235	984.111511
-13.165104	984.505859
-13.469469	984.917786
-13.769108	985.325623
-14.050406	985.71106
-14.36398	986.144714
-14.634283	986.52356
-14.942164	986.966309
-15.165792	987.312012
-15.439307	987.769836
-15.677843	988.182861
-15.939122	988.643799
-16.173296	989.062317
-16.421652	989.510681
-16.663721	989.951294
-16.901016	990.386292
-17.144005	990.834656
-17.381544	991.275757
-17.617229	991.715942
-17.853771	992.160339
-18.089674	992.60614
-18.323605	993.050964
-18.554016	993.492004
-18.787352	993.941772
-19.018961	994.391724
-19.241808	994.828552
-19.47357	995.287781
-19.697855	995.738159
-19.911915	996.175354
-20.138554	996.649719
-20.338091	997.08429
-20.538198	997.558594
-20.672567	997.952881
-20.826542	998.463623
-20.958891	998.92511
-21.102997	999.441956
-21.2283	999.899963
-21.360386	1000.389648
-21.493111	1000.887634
-21.617861	1001.360229
-21.745522	1001.847961
-21.874428	1002.344116
-21.998104	1002.823547
-22.12244	1003.308716
-22.246805	1003.796936
-22.37064	1004.286133
-22.493299	1004.773621
-22.614155	1005.257019
-22.735298	1005.74469
-22.857616	1006.240417
-22.97584	1006.723267
-23.092138	1007.202087
-23.214193	1007.709656
-23.327894	1008.188232
-23.442568	1008.678284
-23.557596	1009.180603
-23.662157	1009.653442
-23.764042	1010.151062
-23.845118	1010.596802
-23.940205	1011.0896
-24.039223	1011.587646
-24.137714	1012.077637
-24.236298	1012.56781
-24.335274	1013.063354
-24.431669	1013.55249
-24.526987	1014.045898
-24.619448	1014.538025
-24.709076	1015.033264
-24.793169	1015.522339
-24.873325	1016.023987
-24.94413	1016.519836
-25.001469	1017.006592
-25.039169	1017.511292
-25.048569	1017.996948
-25.046854	1018.495422
-25.037504	1018.997925
-25.022192	1019.503235
-25.002235	1020.000916
-24.977709	1020.502014
-24.94895	1021.002808
-24.915947	1021.50293
-24.878365	1022.003784
-24.836273	1022.498596
-24.787489	1023.001831
-24.731396	1023.502563
-24.665424	1023.998779
-24.588802	1024.459717
-24.474213	1024.963379
-24.354424	1025.425293
-24.215273	1025.929932
-24.081781	1026.395874
-23.935488	1026.892822
-23.794346	1027.362549
-23.647095	1027.844482
-23.49766	1028.326782
-23.348223	1028.802979
-23.195992	1029.282715
-23.042168	1029.762451
-22.88793	1030.238525
-22.732231	1030.714478
-22.572866	1031.196655
-22.417143	1031.662842
-22.252235	1032.150635
-22.092173	1032.617676
-21.923443	1033.101685
-21.759844	1033.560181
-21.577744	1034.050659
-21.415668	1034.452515
-21.209887	1034.928955
-21.009897	1035.378906
-20.801649	1035.840332
-20.594164	1036.29541
-20.382582	1036.755859
-20.174019	1037.207153
-19.959587	1037.668945
-19.749468	1038.119629
-19.536484	1038.574707
-19.322411	1039.030762
-19.109066	1039.483887
-18.895321	1039.936646
-18.678457	1040.394775
-18.468367	1040.837402
-18.246107	1041.304321
-18.036623	1041.743042
-17.811331	1042.213257
-17.599669	1042.65271
-17.382318	1043.100342
-17.207516	1043.452271
-16.94363	1043.97583
-16.744467	1044.369141
-16.516502	1044.818237
-16.262346	1045.318115
-16.051142	1045.733154
-15.830767	1046.165771
-15.599104	1046.620361
-15.357074	1047.095093
-15.133541	1047.533203
-14.911778	1047.967896
-14.684681	1048.412964
-14.452848	1048.867065
-14.216873	1049.329346
-13.991982	1049.769775
-13.766117	1050.212036
-13.538423	1050.657959
-13.309455	1051.106201
-13.079771	1051.555908
-12.849833	1052.006104
-12.620378	1052.455444
-12.391785	1052.903076
-12.164786	1053.347534
-11.93985	1053.787964
-11.709641	1054.238892
-11.475274	1054.697998
-11.245335	1055.148438
-11.020412	1055.589233
-10.80111	1056.019165
-10.566176	1056.479858
-10.328386	1056.946289
-10.101255	1057.39209
-9.886009	1057.814819
-9.654066	1058.270752
-9.41049	1058.750122
-9.194216	1059.176514
-8.967616	1059.624756
